0.477284 -0.878556 0.0184031 0.681433 0.878745 0.477243 -0.00686302 0.552625 -0.00275319 0.0194472 0.999807 0.791128
0.477284 -0.878556 0.0184031 0.681433 0.878745 0.477243 -0.00686302 0.552625 -0.00275319 0.0194472 0.999807 0.791128
0.477284 -0.878556 0.0184031 0.681433 0.878745 0.477243 -0.00686302 0.552625 -0.00275319 0.0194472 0.999807 0.791128
0.477284 -0.878556 0.0184031 0.681433 0.878744 0.477243 -0.00686301 0.552625 -0.00275319 0.0194472 0.999807 0.791128
0.477284 -0.878556 0.0184031 0.681433 0.878744 0.477242 -0.00686301 0.552626 -0.00275318 0.0194472 0.999807 0.791128
0.477284 -0.878556 0.0184031 0.681434 0.878744 0.477242 -0.00686301 0.552626 -0.00275318 0.0194472 0.999807 0.791128
0.477283 -0.878555 0.0184031 0.681434 0.878743 0.477242 -0.00686301 0.552626 -0.00275318 0.0194472 0.999807 0.791128
0.477283 -0.878555 0.018403 0.681434 0.878743 0.477242 -0.006863 0.552626 -0.00275318 0.0194472 0.999807 0.791128
0.477283 -0.878555 0.018403 0.681434 0.878742 0.477242 -0.006863 0.552626 -0.00275318 0.0194472 0.999806 0.791128
0.477282 -0.878554 0.018403 0.681434 0.878742 0.477242 -0.006863 0.552626 -0.00275318 0.0194472 0.999806 0.791128
0.477282 -0.878554 0.018403 0.681434 0.878741 0.477241 -0.00686299 0.552626 -0.00275319 0.0194472 0.999806 0.791128
0.477282 -0.878554 0.018403 0.681434 0.87874 0.477241 -0.00686299 0.552626 -0.00275319 0.0194472 0.999806 0.791128
0.477281 -0.878554 0.018403 0.681434 0.87874 0.477241 -0.00686299 0.552625 -0.00275319 0.0194471 0.999806 0.791128
0.477281 -0.878553 0.018403 0.681435 0.878739 0.47724 -0.00686298 0.552625 -0.00275319 0.0194471 0.999807 0.791128
0.477281 -0.878553 0.018403 0.681435 0.878738 0.47724 -0.00686298 0.552625 -0.00275319 0.0194471 0.999807 0.791129
0.47728 -0.878553 0.018403 0.681435 0.878738 0.477239 -0.00686298 0.552624 -0.00275319 0.0194471 0.999807 0.791129
0.47728 -0.878553 0.018403 0.681435 0.878737 0.477239 -0.00686298 0.552624 -0.00275319 0.0194471 0.999807 0.791129
0.477279 -0.878553 0.018403 0.681436 0.878736 0.477239 -0.00686298 0.552623 -0.00275318 0.0194471 0.999808 0.791128
0.477279 -0.878553 0.018403 0.681436 0.878735 0.477238 -0.00686298 0.552623 -0.00275318 0.0194471 0.999808 0.791128
0.477279 -0.878553 0.018403 0.681436 0.878734 0.477238 -0.00686298 0.552622 -0.00275318 0.0194471 0.999809 0.791128
0.477278 -0.878553 0.018403 0.681437 0.878734 0.477238 -0.00686298 0.552622 -0.00275318 0.0194471 0.999809 0.791128
0.477278 -0.878553 0.018403 0.681437 0.878733 0.477237 -0.00686298 0.552621 -0.00275318 0.0194471 0.99981 0.791128
0.477277 -0.878553 0.018403 0.681437 0.878732 0.477237 -0.00686298 0.552621 -0.00275318 0.0194471 0.99981 0.791128
0.477277 -0.878553 0.018403 0.681438 0.878732 0.477237 -0.00686298 0.55262 -0.00275318 0.0194471 0.999811 0.791128
0.477277 -0.878554 0.018403 0.681438 0.878731 0.477236 -0.00686298 0.55262 -0.00275318 0.0194471 0.999812 0.791128
0.477276 -0.878554 0.018403 0.681438 0.87873 0.477236 -0.00686299 0.552619 -0.00275318 0.019447 0.999812 0.791127
0.477276 -0.878554 0.018403 0.681439 0.87873 0.477236 -0.00686299 0.552619 -0.00275318 0.019447 0.999813 0.791127
0.477276 -0.878554 0.018403 0.681439 0.878729 0.477236 -0.006863 0.552618 -0.00275318 0.019447 0.999814 0.791127
0.477275 -0.878553 0.018403 0.681439 0.878728 0.477235 -0.006863 0.552617 -0.00275318 0.019447 0.999815 0.791127
0.477275 -0.878553 0.018403 0.681439 0.878727 0.477235 -0.00686301 0.552616 -0.00275317 0.019447 0.999815 0.791126
0.477274 -0.878553 0.018403 0.68144 0.878727 0.477235 -0.00686301 0.552615 -0.00275317 0.019447 0.999816 0.791126
0.477274 -0.878553 0.018403 0.68144 0.878726 0.477234 -0.00686302 0.552614 -0.00275317 0.019447 0.999817 0.791126
0.477274 -0.878553 0.018403 0.68144 0.878725 0.477234 -0.00686302 0.552613 -0.00275317 0.0194469 0.999818 0.791125
0.477273 -0.878553 0.018403 0.68144 0.878724 0.477234 -0.00686303 0.552612 -0.00275317 0.0194469 0.999819 0.791125
0.477273 -0.878553 0.018403 0.68144 0.878723 0.477233 -0.00686303 0.552611 -0.00275316 0.0194469 0.99982 0.791125
0.477272 -0.878553 0.018403 0.681441 0.878722 0.477233 -0.00686304 0.55261 -0.00275316 0.0194469 0.999821 0.791124
0.477272 -0.878553 0.018403 0.681441 0.878721 0.477233 -0.00686305 0.552609 -0.00275316 0.0194468 0.999822 0.791124
0.477271 -0.878553 0.018403 0.681441 0.87872 0.477232 -0.00686305 0.552608 -0.00275315 0.0194468 0.999823 0.791124
0.47727 -0.878552 0.018403 0.681442 0.878719 0.477232 -0.00686306 0.552607 -0.00275315 0.0194468 0.999824 0.791124
0.47727 -0.878552 0.018403 0.681442 0.878718 0.477232 -0.00686307 0.552605 -0.00275314 0.0194468 0.999826 0.791124
0.477269 -0.878552 0.018403 0.681443 0.878717 0.477231 -0.00686308 0.552604 -0.00275314 0.0194467 0.999827 0.791123
0.477269 -0.878552 0.0184031 0.681443 0.878716 0.477231 -0.00686309 0.552603 -0.00275313 0.0194467 0.999828 0.791123
0.477268 -0.878552 0.0184031 0.681444 0.878715 0.477231 -0.00686311 0.552602 -0.00275312 0.0194467 0.99983 0.791123
0.477267 -0.878552 0.0184031 0.681444 0.878714 0.477231 -0.00686312 0.5526 -0.00275312 0.0194466 0.999831 0.791123
0.477267 -0.878552 0.0184031 0.681445 0.878712 0.47723 -0.00686313 0.552599 -0.00275311 0.0194466 0.999832 0.791123
0.477266 -0.878552 0.0184031 0.681445 0.878711 0.47723 -0.00686314 0.552598 -0.0027531 0.0194466 0.999834 0.791123
0.477265 -0.878552 0.0184031 0.681446 0.87871 0.47723 -0.00686315 0.552596 -0.0027531 0.0194465 0.999835 0.791123
0.477265 -0.878552 0.0184031 0.681446 0.878708 0.477229 -0.00686315 0.552595 -0.00275309 0.0194465 0.999836 0.791123
0.477264 -0.878551 0.0184032 0.681447 0.878707 0.477229 -0.00686316 0.552594 -0.00275309 0.0194465 0.999837 0.791123
0.477263 -0.878551 0.0184032 0.681447 0.878705 0.477229 -0.00686317 0.552592 -0.00275308 0.0194464 0.999839 0.791124
0.477262 -0.878551 0.0184032 0.681447 0.878704 0.477228 -0.00686318 0.552591 -0.00275308 0.0194464 0.99984 0.791124
0.477261 -0.878551 0.0184032 0.681448 0.878702 0.477228 -0.00686319 0.552589 -0.00275308 0.0194463 0.999841 0.791124
0.47726 -0.878551 0.0184032 0.681448 0.878701 0.477228 -0.00686319 0.552588 -0.00275308 0.0194463 0.999843 0.791124
0.477259 -0.878551 0.0184032 0.681448 0.878699 0.477227 -0.0068632 0.552587 -0.00275307 0.0194463 0.999844 0.791124
0.477259 -0.878551 0.0184032 0.681448 0.878698 0.477227 -0.00686321 0.552585 -0.00275307 0.0194462 0.999845 0.791124
0.477258 -0.878551 0.0184032 0.681448 0.878696 0.477227 -0.00686322 0.552584 -0.00275306 0.0194462 0.999847 0.791125
0.477257 -0.878551 0.0184032 0.681449 0.878695 0.477226 -0.00686323 0.552583 -0.00275306 0.0194461 0.999848 0.791125
0.477256 -0.87855 0.0184033 0.681449 0.878693 0.477226 -0.00686324 0.552581 -0.00275305 0.0194461 0.999849 0.791125
0.477255 -0.87855 0.0184033 0.681449 0.878692 0.477226 -0.00686324 0.55258 -0.00275305 0.0194461 0.999851 0.791125
0.477254 -0.87855 0.0184033 0.681448 0.87869 0.477226 -0.00686325 0.552578 -0.00275304 0.019446 0.999852 0.791125
0.477253 -0.87855 0.0184033 0.681448 0.878689 0.477225 -0.00686326 0.552577 -0.00275304 0.019446 0.999853 0.791125
0.477252 -0.87855 0.0184033 0.681448 0.878688 0.477225 -0.00686327 0.552575 -0.00275304 0.0194459 0.999855 0.791126
0.477251 -0.87855 0.0184033 0.681447 0.878686 0.477225 -0.00686329 0.552574 -0.00275303 0.0194459 0.999856 0.791126
0.47725 -0.87855 0.0184033 0.681447 0.878685 0.477225 -0.0068633 0.552572 -0.00275303 0.0194459 0.999858 0.791126
0.477249 -0.87855 0.0184033 0.681447 0.878683 0.477225 -0.00686331 0.552571 -0.00275302 0.0194458 0.99986 0.791126
0.477248 -0.87855 0.0184033 0.681446 0.878682 0.477225 -0.00686333 0.552569 -0.00275302 0.0194458 0.999862 0.791126
0.477247 -0.87855 0.0184034 0.681446 0.878681 0.477225 -0.00686334 0.552568 -0.00275302 0.0194458 0.999864 0.791127
0.477246 -0.878551 0.0184034 0.681446 0.87868 0.477225 -0.00686336 0.552566 -0.00275301 0.0194457 0.999866 0.791127
0.477245 -0.878551 0.0184034 0.681445 0.878678 0.477225 -0.00686337 0.552565 -0.00275301 0.0194457 0.999868 0.791127
0.477244 -0.878552 0.0184034 0.681445 0.878677 0.477225 -0.00686339 0.552563 -0.00275301 0.0194457 0.99987 0.791127
0.477242 -0.878552 0.0184035 0.681445 0.878676 0.477225 -0.00686341 0.552562 -0.002753 0.0194457 0.999872 0.791128
0.477241 -0.878552 0.0184035 0.681445 0.878674 0.477225 -0.00686342 0.55256 -0.002753 0.0194457 0.999874 0.791128
0.47724 -0.878553 0.0184035 0.681444 0.878673 0.477225 -0.00686344 0.552559 -0.002753 0.0194457 0.999877 0.791128
0.477239 -0.878553 0.0184035 0.681444 0.878672 0.477225 -0.00686346 0.552557 -0.002753 0.0194456 0.999879 0.791129
0.477238 -0.878553 0.0184036 0.681444 0.87867 0.477225 -0.00686348 0.552556 -0.002753 0.0194456 0.999882 0.791129
0.477237 -0.878554 0.0184036 0.681444 0.878669 0.477225 -0.0068635 0.552554 -0.002753 0.0194456 0.999884 0.791129
0.477236 -0.878554 0.0184036 0.681444 0.878668 0.477225 -0.00686352 0.552553 -0.002753 0.0194456 0.999887 0.79113
0.477235 -0.878554 0.0184037 0.681444 0.878666 0.477226 -0.00686353 0.552552 -0.002753 0.0194456 0.999889 0.79113
0.477234 -0.878555 0.0184037 0.681443 0.878665 0.477226 -0.00686355 0.55255 -0.00275301 0.0194456 0.999892 0.79113
0.477233 -0.878555 0.0184037 0.681443 0.878664 0.477226 -0.00686358 0.552549 -0.00275301 0.0194456 0.999895 0.791131
0.477232 -0.878556 0.0184038 0.681443 0.878663 0.477226 -0.0068636 0.552547 -0.00275301 0.0194456 0.999898 0.791132
0.477231 -0.878557 0.0184038 0.681443 0.878661 0.477226 -0.00686362 0.552546 -0.00275301 0.0194456 0.9999 0.791132
0.47723 -0.878558 0.0184038 0.681443 0.87866 0.477227 -0.00686364 0.552545 -0.00275302 0.0194456 0.999903 0.791133
0.477229 -0.878559 0.0184039 0.681443 0.878659 0.477227 -0.00686366 0.552544 -0.00275302 0.0194455 0.999906 0.791133
0.477228 -0.878559 0.0184039 0.681443 0.878658 0.477227 -0.00686368 0.552542 -0.00275303 0.0194455 0.999909 0.791134
0.477227 -0.87856 0.0184039 0.681443 0.878656 0.477228 -0.00686371 0.552541 -0.00275304 0.0194456 0.999912 0.791135
0.477226 -0.878561 0.018404 0.681443 0.878655 0.477228 -0.00686373 0.552539 -0.00275305 0.0194456 0.999915 0.791135
0.477225 -0.878563 0.018404 0.681443 0.878654 0.477228 -0.00686376 0.552538 -0.00275306 0.0194456 0.999918 0.791136
0.477224 -0.878564 0.018404 0.681443 0.878653 0.477229 -0.00686379 0.552537 -0.00275306 0.0194456 0.999921 0.791136
0.477223 -0.878565 0.0184041 0.681443 0.878651 0.477229 -0.00686381 0.552535 -0.00275307 0.0194456 0.999924 0.791137
0.477222 -0.878566 0.0184041 0.681443 0.87865 0.47723 -0.00686385 0.552534 -0.00275308 0.0194456 0.999927 0.791138
0.477221 -0.878567 0.0184042 0.681443 0.878649 0.47723 -0.00686388 0.552533 -0.00275309 0.0194456 0.99993 0.791139
0.47722 -0.878568 0.0184042 0.681443 0.878648 0.477231 -0.00686391 0.552532 -0.0027531 0.0194456 0.999933 0.791139
0.477219 -0.878569 0.0184042 0.681443 0.878647 0.477231 -0.00686394 0.552531 -0.00275311 0.0194456 0.999937 0.79114
0.477218 -0.878571 0.0184043 0.681443 0.878646 0.477232 -0.00686397 0.55253 -0.00275312 0.0194456 0.99994 0.791141
0.477217 -0.878572 0.0184043 0.681443 0.878644 0.477232 -0.006864 0.552529 -0.00275313 0.0194456 0.999943 0.791142
0.477217 -0.878573 0.0184044 0.681443 0.878643 0.477232 -0.00686403 0.552527 -0.00275314 0.0194456 0.999946 0.791142
0.477216 -0.878574 0.0184044 0.681444 0.878642 0.477233 -0.00686406 0.552526 -0.00275315 0.0194456 0.999949 0.791143
0.477215 -0.878575 0.0184045 0.681444 0.878641 0.477233 -0.0068641 0.552525 -0.00275315 0.0194456 0.999952 0.791144
0.477214 -0.878577 0.0184045 0.681444 0.878639 0.477234 -0.00686413 0.552524 -0.00275316 0.0194456 0.999955 0.791144
0.477213 -0.878578 0.0184046 0.681444 0.878638 0.477234 -0.00686416 0.552523 -0.00275318 0.0194456 0.999958 0.791145
0.477212 -0.878579 0.0184046 0.681444 0.878637 0.477235 -0.0068642 0.552522 -0.00275319 0.0194456 0.999961 0.791146
0.477211 -0.87858 0.0184047 0.681444 0.878636 0.477235 -0.00686423 0.55252 -0.0027532 0.0194456 0.999964 0.791147
0.47721 -0.878581 0.0184048 0.681444 0.878634 0.477236 -0.00686426 0.552519 -0.00275321 0.0194456 0.999968 0.791147
0.477209 -0.878583 0.0184048 0.681444 0.878633 0.477236 -0.00686429 0.552517 -0.00275322 0.0194456 0.999971 0.791148
0.477208 -0.878584 0.0184049 0.681444 0.878632 0.477237 -0.00686433 0.552516 -0.00275323 0.0194457 0.999974 0.791149
0.477207 -0.878585 0.0184049 0.681444 0.87863 0.477238 -0.00686436 0.552514 -0.00275324 0.0194457 0.999977 0.79115
0.477206 -0.878586 0.018405 0.681444 0.878629 0.477238 -0.00686439 0.552513 -0.00275325 0.0194457 0.99998 0.79115
0.477205 -0.878588 0.0184051 0.681444 0.878627 0.477239 -0.00686443 0.552511 -0.00275326 0.0194457 0.999983 0.791151
0.477204 -0.878589 0.0184051 0.681444 0.878626 0.47724 -0.00686446 0.55251 -0.00275327 0.0194457 0.999986 0.791152
0.477203 -0.878591 0.0184052 0.681445 0.878625 0.47724 -0.0068645 0.552508 -0.00275329 0.0194457 0.999989 0.791153
0.477202 -0.878593 0.0184052 0.681445 0.878624 0.477241 -0.00686453 0.552507 -0.0027533 0.0194457 0.999992 0.791154
0.477201 -0.878594 0.0184053 0.681445 0.878623 0.477242 -0.00686457 0.552505 -0.00275331 0.0194457 0.999995 0.791155
0.4772 -0.878596 0.0184054 0.681445 0.878621 0.477243 -0.00686461 0.552504 -0.00275332 0.0194457 0.999999 0.791156
0.477199 -0.878597 0.0184055 0.681445 0.87862 0.477244 -0.00686465 0.552502 -0.00275334 0.0194457 1 0.791157
0.477198 -0.878599 0.0184055 0.681446 0.878619 0.477244 -0.00686469 0.552501 -0.00275335 0.0194457 1 0.791158
0.477198 -0.878601 0.0184056 0.681446 0.878618 0.477245 -0.00686472 0.552499 -0.00275336 0.0194457 1.00001 0.791159
0.477197 -0.878602 0.0184057 0.681446 0.878617 0.477246 -0.00686476 0.552498 -0.00275338 0.0194458 1.00001 0.79116
0.477196 -0.878604 0.0184058 0.681446 0.878617 0.477247 -0.0068648 0.552496 -0.00275339 0.0194458 1.00001 0.791161
0.477195 -0.878606 0.0184059 0.681446 0.878616 0.477248 -0.00686484 0.552494 -0.00275341 0.0194458 1.00002 0.791162
0.477195 -0.878608 0.0184059 0.681446 0.878615 0.47725 -0.00686488 0.552492 -0.00275342 0.0194458 1.00002 0.791163
0.477194 -0.87861 0.018406 0.681446 0.878614 0.477251 -0.00686492 0.552491 -0.00275344 0.0194458 1.00002 0.791164
0.477193 -0.878612 0.0184061 0.681446 0.878613 0.477252 -0.00686496 0.552489 -0.00275346 0.0194458 1.00003 0.791165
0.477192 -0.878614 0.0184062 0.681447 0.878612 0.477253 -0.00686501 0.552487 -0.00275348 0.0194458 1.00003 0.791166
0.477192 -0.878616 0.0184063 0.681447 0.878612 0.477254 -0.00686505 0.552485 -0.0027535 0.0194459 1.00003 0.791168
0.477191 -0.878618 0.0184064 0.681447 0.878611 0.477255 -0.00686509 0.552484 -0.00275352 0.0194459 1.00004 0.791169
0.477191 -0.878621 0.0184065 0.681447 0.87861 0.477257 -0.00686514 0.552482 -0.00275354 0.0194459 1.00004 0.79117
0.47719 -0.878623 0.0184066 0.681447 0.878609 0.477258 -0.00686519 0.55248 -0.00275356 0.0194459 1.00004 0.791172
0.477189 -0.878625 0.0184067 0.681448 0.878609 0.477259 -0.00686524 0.552478 -0.00275358 0.019446 1.00005 0.791173
0.477189 -0.878628 0.0184068 0.681448 0.878608 0.47726 -0.00686529 0.552476 -0.0027536 0.019446 1.00005 0.791175
0.477188 -0.87863 0.0184069 0.681448 0.878607 0.477262 -0.00686533 0.552475 -0.00275361 0.019446 1.00005 0.791176
0.477187 -0.878632 0.018407 0.681448 0.878606 0.477263 -0.00686538 0.552473 -0.00275363 0.019446 1.00006 0.791178
0.477186 -0.878635 0.0184071 0.681448 0.878605 0.477264 -0.00686543 0.552471 -0.00275365 0.019446 1.00006 0.791179
0.477185 -0.878637 0.0184072 0.681449 0.878604 0.477265 -0.00686548 0.552469 -0.00275367 0.019446 1.00007 0.791181
0.477184 -0.878639 0.0184073 0.681449 0.878602 0.477266 -0.00686553 0.552468 -0.00275368 0.0194461 1.00007 0.791183
0.477184 -0.878642 0.0184074 0.681449 0.878601 0.477267 -0.00686558 0.552466 -0.0027537 0.0194461 1.00007 0.791184
0.477183 -0.878644 0.0184075 0.68145 0.8786 0.477269 -0.00686563 0.552465 -0.00275372 0.0194461 1.00008 0.791186
0.477182 -0.878647 0.0184076 0.68145 0.878599 0.47727 -0.00686568 0.552463 -0.00275373 0.0194461 1.00008 0.791187
0.477181 -0.878649 0.0184077 0.68145 0.878598 0.477271 -0.00686573 0.552462 -0.00275375 0.0194461 1.00008 0.791189
0.47718 -0.878652 0.0184078 0.681451 0.878596 0.477272 -0.00686578 0.55246 -0.00275377 0.0194462 1.00009 0.791191
0.477179 -0.878655 0.0184078 0.681451 0.878595 0.477274 -0.00686583 0.552459 -0.00275378 0.0194462 1.00009 0.791193
0.477178 -0.878657 0.0184079 0.681452 0.878594 0.477275 -0.00686587 0.552458 -0.0027538 0.0194462 1.00009 0.791195
0.477177 -0.87866 0.018408 0.681452 0.878593 0.477276 -0.00686592 0.552456 -0.00275382 0.0194463 1.0001 0.791196
0.477176 -0.878663 0.0184081 0.681453 0.878592 0.477278 -0.00686597 0.552455 -0.00275383 0.0194463 1.0001 0.791198
0.477176 -0.878666 0.0184082 0.681453 0.878591 0.477279 -0.00686602 0.552454 -0.00275385 0.0194463 1.0001 0.7912
0.477175 -0.878669 0.0184083 0.681454 0.87859 0.477281 -0.00686607 0.552453 -0.00275386 0.0194463 1.00011 0.791202
0.477174 -0.878671 0.0184084 0.681454 0.878589 0.477282 -0.00686612 0.552451 -0.00275388 0.0194464 1.00011 0.791203
0.477173 -0.878674 0.0184085 0.681455 0.878588 0.477284 -0.00686617 0.55245 -0.00275389 0.0194464 1.00012 0.791205
0.477172 -0.878677 0.0184086 0.681456 0.878587 0.477285 -0.00686622 0.552449 -0.00275391 0.0194464 1.00012 0.791207
0.477171 -0.87868 0.0184087 0.681456 0.878586 0.477287 -0.00686627 0.552447 -0.00275392 0.0194465 1.00012 0.791209
0.477171 -0.878683 0.0184088 0.681457 0.878585 0.477289 -0.00686633 0.552446 -0.00275394 0.0194465 1.00013 0.79121
0.47717 -0.878686 0.0184089 0.681458 0.878584 0.47729 -0.00686638 0.552445 -0.00275396 0.0194466 1.00013 0.791212
0.477169 -0.878689 0.018409 0.681458 0.878584 0.477292 -0.00686643 0.552443 -0.00275397 0.0194466 1.00013 0.791214
0.477169 -0.878692 0.0184091 0.681459 0.878583 0.477294 -0.00686648 0.552442 -0.00275399 0.0194466 1.00014 0.791216
0.477168 -0.878695 0.0184092 0.681459 0.878582 0.477295 -0.00686654 0.55244 -0.00275401 0.0194467 1.00014 0.791217
0.477167 -0.878698 0.0184093 0.68146 0.878581 0.477297 -0.00686659 0.552439 -0.00275402 0.0194467 1.00015 0.791219
0.477167 -0.878702 0.0184094 0.68146 0.87858 0.477299 -0.00686664 0.552437 -0.00275404 0.0194468 1.00015 0.791221
0.477166 -0.878705 0.0184095 0.681461 0.878579 0.4773 -0.00686669 0.552435 -0.00275406 0.0194468 1.00015 0.791223
0.477166 -0.878708 0.0184096 0.681461 0.878578 0.477302 -0.00686674 0.552433 -0.00275408 0.0194468 1.00016 0.791225
0.477165 -0.878711 0.0184097 0.681462 0.878578 0.477303 -0.00686678 0.552432 -0.0027541 0.0194469 1.00016 0.791227
0.477164 -0.878715 0.0184099 0.681462 0.878577 0.477305 -0.00686683 0.55243 -0.00275412 0.0194469 1.00016 0.791229
0.477164 -0.878718 0.01841 0.681463 0.878576 0.477307 -0.00686688 0.552428 -0.00275414 0.019447 1.00017 0.791231
0.477163 -0.878721 0.0184101 0.681464 0.878575 0.477308 -0.00686693 0.552426 -0.00275417 0.019447 1.00017 0.791233
0.477163 -0.878725 0.0184102 0.681464 0.878574 0.47731 -0.00686697 0.552424 -0.00275419 0.0194471 1.00018 0.791235
0.477162 -0.878728 0.0184103 0.681465 0.878573 0.477312 -0.00686702 0.552422 -0.00275422 0.0194471 1.00018 0.791238
0.477162 -0.878732 0.0184104 0.681465 0.878573 0.477314 -0.00686707 0.55242 -0.00275424 0.0194472 1.00018 0.79124
0.477161 -0.878735 0.0184105 0.681466 0.878572 0.477315 -0.00686712 0.552418 -0.00275427 0.0194472 1.00019 0.791242
0.477161 -0.878739 0.0184106 0.681466 0.878571 0.477317 -0.00686717 0.552416 -0.00275429 0.0194473 1.00019 0.791244
0.477161 -0.878743 0.0184107 0.681467 0.87857 0.477319 -0.00686722 0.552414 -0.00275432 0.0194473 1.0002 0.791247
0.47716 -0.878746 0.0184109 0.681468 0.878569 0.477321 -0.00686727 0.552412 -0.00275435 0.0194474 1.0002 0.791249
0.47716 -0.87875 0.018411 0.681468 0.878569 0.477323 -0.00686732 0.55241 -0.00275437 0.0194474 1.0002 0.791251
0.47716 -0.878754 0.0184111 0.681468 0.878568 0.477325 -0.00686737 0.552408 -0.0027544 0.0194474 1.00021 0.791253
0.47716 -0.878757 0.0184112 0.681469 0.878567 0.477327 -0.00686742 0.552406 -0.00275443 0.0194475 1.00021 0.791255
0.47716 -0.878761 0.0184113 0.681469 0.878566 0.477329 -0.00686747 0.552404 -0.00275445 0.0194475 1.00022 0.791258
0.477159 -0.878765 0.0184114 0.68147 0.878566 0.477331 -0.00686753 0.552402 -0.00275448 0.0194476 1.00022 0.79126
0.477159 -0.878769 0.0184115 0.68147 0.878565 0.477333 -0.00686758 0.5524 -0.00275451 0.0194476 1.00022 0.791262
0.477159 -0.878773 0.0184116 0.681471 0.878564 0.477335 -0.00686763 0.552398 -0.00275453 0.0194477 1.00023 0.791265
0.477159 -0.878777 0.0184118 0.681471 0.878563 0.477337 -0.00686768 0.552396 -0.00275456 0.0194477 1.00023 0.791267
0.477159 -0.878781 0.0184119 0.681472 0.878563 0.47734 -0.00686774 0.552394 -0.00275459 0.0194478 1.00023 0.791269
0.477159 -0.878785 0.018412 0.681473 0.878562 0.477342 -0.0068678 0.552391 -0.00275461 0.0194478 1.00024 0.791272
0.477159 -0.878789 0.0184121 0.681473 0.878561 0.477344 -0.00686785 0.552389 -0.00275464 0.0194479 1.00024 0.791274
0.477159 -0.878793 0.0184122 0.681474 0.87856 0.477346 -0.00686791 0.552387 -0.00275467 0.0194479 1.00025 0.791277
0.477159 -0.878797 0.0184123 0.681474 0.878559 0.477349 -0.00686797 0.552385 -0.0027547 0.019448 1.00025 0.791279
0.477159 -0.878801 0.0184125 0.681475 0.878559 0.477351 -0.00686803 0.552383 -0.00275473 0.019448 1.00025 0.791281
0.477159 -0.878806 0.0184126 0.681475 0.878558 0.477353 -0.00686808 0.55238 -0.00275476 0.0194481 1.00026 0.791284
0.477159 -0.87881 0.0184127 0.681476 0.878558 0.477356 -0.00686814 0.552378 -0.00275479 0.0194481 1.00026 0.791286
0.477159 -0.878815 0.0184128 0.681476 0.878557 0.477358 -0.0068682 0.552376 -0.00275482 0.0194482 1.00027 0.791289
0.477159 -0.878819 0.0184129 0.681477 0.878557 0.47736 -0.00686826 0.552374 -0.00275485 0.0194483 1.00027 0.791291
0.47716 -0.878823 0.0184131 0.681477 0.878556 0.477363 -0.00686831 0.552372 -0.00275489 0.0194483 1.00027 0.791294
0.47716 -0.878828 0.0184132 0.681478 0.878556 0.477365 -0.00686837 0.552369 -0.00275492 0.0194484 1.00028 0.791296
0.47716 -0.878833 0.0184133 0.681479 0.878555 0.477368 -0.00686843 0.552367 -0.00275495 0.0194485 1.00028 0.791299
0.477161 -0.878837 0.0184134 0.681479 0.878555 0.47737 -0.00686849 0.552365 -0.00275498 0.0194485 1.00029 0.791301
0.477161 -0.878842 0.0184136 0.68148 0.878555 0.477373 -0.00686855 0.552362 -0.00275501 0.0194486 1.00029 0.791304
0.477161 -0.878846 0.0184137 0.681481 0.878554 0.477375 -0.00686861 0.55236 -0.00275504 0.0194486 1.00029 0.791307
0.477161 -0.878851 0.0184138 0.681481 0.878553 0.477378 -0.00686867 0.552357 -0.00275507 0.0194487 1.0003 0.791309
0.477162 -0.878855 0.0184139 0.681482 0.878553 0.47738 -0.00686873 0.552354 -0.0027551 0.0194488 1.0003 0.791312
0.477162 -0.87886 0.0184141 0.681483 0.878552 0.477382 -0.00686879 0.552352 -0.00275513 0.0194488 1.0003 0.791315
0.477162 -0.878864 0.0184142 0.681484 0.878551 0.477384 -0.00686885 0.552349 -0.00275516 0.0194489 1.00031 0.791318
0.477162 -0.878869 0.0184143 0.681484 0.87855 0.477387 -0.00686891 0.552347 -0.00275519 0.019449 1.00031 0.79132
0.477162 -0.878873 0.0184144 0.681485 0.878549 0.477389 -0.00686897 0.552344 -0.00275522 0.019449 1.00032 0.791323
0.477162 -0.878878 0.0184146 0.681486 0.878548 0.477391 -0.00686902 0.552342 -0.00275525 0.0194491 1.00032 0.791326
0.477162 -0.878882 0.0184147 0.681486 0.878547 0.477393 -0.00686908 0.552339 -0.00275528 0.0194491 1.00032 0.791329
0.477163 -0.878886 0.0184148 0.681487 0.878546 0.477396 -0.00686914 0.552337 -0.0027553 0.0194492 1.00033 0.791331
0.477163 -0.87889 0.0184149 0.681488 0.878545 0.477398 -0.0068692 0.552335 -0.00275533 0.0194492 1.00033 0.791334
0.477163 -0.878895 0.0184151 0.681489 0.878545 0.4774 -0.00686925 0.552332 -0.00275536 0.0194492 1.00033 0.791337
0.477163 -0.878899 0.0184152 0.681489 0.878544 0.477402 -0.00686931 0.55233 -0.00275539 0.0194493 1.00034 0.79134
0.477163 -0.878903 0.0184153 0.68149 0.878543 0.477404 -0.00686937 0.552327 -0.00275542 0.0194493 1.00034 0.791343
0.477163 -0.878906 0.0184154 0.681491 0.878542 0.477406 -0.00686943 0.552325 -0.00275545 0.0194494 1.00034 0.791346
0.477163 -0.87891 0.0184155 0.681491 0.878541 0.477408 -0.00686948 0.552323 -0.00275548 0.0194494 1.00035 0.791349
0.477163 -0.878914 0.0184156 0.681492 0.878539 0.47741 -0.00686953 0.552321 -0.0027555 0.0194495 1.00035 0.791352
0.477163 -0.878918 0.0184158 0.681492 0.878538 0.477412 -0.00686959 0.552318 -0.00275553 0.0194495 1.00035 0.791355
0.477162 -0.878922 0.0184159 0.681493 0.878537 0.477414 -0.00686964 0.552316 -0.00275556 0.0194496 1.00036 0.791358
0.477162 -0.878926 0.018416 0.681493 0.878536 0.477416 -0.00686969 0.552314 -0.00275558 0.0194496 1.00036 0.791361
0.477162 -0.87893 0.0184161 0.681494 0.878534 0.477417 -0.00686974 0.552311 -0.0027556 0.0194496 1.00036 0.791364
0.477161 -0.878933 0.0184162 0.681494 0.878533 0.477419 -0.0068698 0.552308 -0.00275563 0.0194497 1.00037 0.791367
0.477161 -0.878937 0.0184163 0.681494 0.878531 0.477421 -0.00686985 0.552306 -0.00275565 0.0194497 1.00037 0.79137
0.477161 -0.878941 0.0184164 0.681494 0.87853 0.477423 -0.0068699 0.552303 -0.00275568 0.0194497 1.00037 0.791373
0.47716 -0.878945 0.0184165 0.681495 0.878529 0.477425 -0.00686995 0.552301 -0.0027557 0.0194498 1.00038 0.791377
0.47716 -0.878949 0.0184166 0.681495 0.878528 0.477427 -0.00687 0.552298 -0.00275572 0.0194498 1.00038 0.79138
0.47716 -0.878953 0.0184167 0.681495 0.878527 0.477429 -0.00687005 0.552296 -0.00275574 0.0194499 1.00038 0.791383
0.47716 -0.878957 0.0184168 0.681495 0.878526 0.477431 -0.0068701 0.552293 -0.00275576 0.0194499 1.00039 0.791387
0.47716 -0.878961 0.0184169 0.681495 0.878525 0.477433 -0.00687015 0.552291 -0.00275578 0.0194499 1.00039 0.79139
0.477159 -0.878965 0.018417 0.681495 0.878524 0.477435 -0.0068702 0.552289 -0.0027558 0.01945 1.00039 0.791394
0.477159 -0.878969 0.0184171 0.681495 0.878523 0.477438 -0.00687025 0.552286 -0.00275582 0.01945 1.0004 0.791397
0.477159 -0.878973 0.0184172 0.681495 0.878522 0.47744 -0.0068703 0.552284 -0.00275584 0.01945 1.0004 0.791401
0.477159 -0.878977 0.0184173 0.681495 0.878522 0.477442 -0.00687035 0.552282 -0.00275586 0.0194501 1.00041 0.791404
0.477159 -0.878981 0.0184175 0.681495 0.878521 0.477444 -0.0068704 0.55228 -0.00275588 0.0194501 1.00041 0.791408
0.477159 -0.878986 0.0184176 0.681495 0.878521 0.477446 -0.00687045 0.552279 -0.00275589 0.0194502 1.00041 0.791412
0.477159 -0.87899 0.0184177 0.681494 0.87852 0.477449 -0.00687051 0.552277 -0.00275591 0.0194502 1.00042 0.791416
0.477159 -0.878995 0.0184178 0.681494 0.87852 0.477451 -0.00687056 0.552275 -0.00275592 0.0194502 1.00042 0.791419
0.477159 -0.878999 0.0184179 0.681494 0.878519 0.477453 -0.00687061 0.552273 -0.00275594 0.0194503 1.00042 0.791423
0.477158 -0.879003 0.018418 0.681494 0.878519 0.477455 -0.00687066 0.552271 -0.00275596 0.0194503 1.00043 0.791427
0.477158 -0.879008 0.0184181 0.681494 0.878518 0.477457 -0.00687071 0.552269 -0.00275597 0.0194503 1.00043 0.791431
0.477158 -0.879012 0.0184182 0.681494 0.878517 0.477459 -0.00687076 0.552268 -0.00275599 0.0194504 1.00044 0.791435
0.477158 -0.879016 0.0184183 0.681494 0.878517 0.477461 -0.00687081 0.552266 -0.002756 0.0194504 1.00044 0.791439
0.477158 -0.879021 0.0184184 0.681494 0.878516 0.477463 -0.00687086 0.552264 -0.00275602 0.0194505 1.00044 0.791443
0.477157 -0.879025 0.0184185 0.681494 0.878515 0.477465 -0.00687091 0.552263 -0.00275603 0.0194505 1.00045 0.791447
0.477157 -0.879029 0.0184186 0.681494 0.878515 0.477467 -0.00687096 0.552261 -0.00275604 0.0194505 1.00045 0.791451
0.477157 -0.879033 0.0184187 0.681494 0.878514 0.477469 -0.00687101 0.55226 -0.00275606 0.0194505 1.00045 0.791455
0.477156 -0.879037 0.0184188 0.681494 0.878513 0.477471 -0.00687106 0.552258 -0.00275607 0.0194506 1.00046 0.791459
0.477156 -0.879041 0.0184189 0.681494 0.878512 0.477473 -0.00687111 0.552257 -0.00275608 0.0194506 1.00046 0.791463
0.477156 -0.879045 0.018419 0.681494 0.878511 0.477475 -0.00687117 0.552255 -0.00275609 0.0194506 1.00046 0.791467
0.477155 -0.879049 0.0184191 0.681494 0.87851 0.477477 -0.00687122 0.552254 -0.00275611 0.0194506 1.00047 0.791471
0.477155 -0.879053 0.0184192 0.681493 0.87851 0.47748 -0.00687127 0.552252 -0.00275612 0.0194507 1.00047 0.791475
0.477155 -0.879057 0.0184193 0.681493 0.878509 0.477482 -0.00687133 0.552251 -0.00275613 0.0194507 1.00047 0.791479
0.477155 -0.879061 0.0184194 0.681493 0.878509 0.477484 -0.00687138 0.552249 -0.00275615 0.0194507 1.00048 0.791483
0.477155 -0.879065 0.0184195 0.681493 0.878508 0.477486 -0.00687144 0.552248 -0.00275616 0.0194508 1.00048 0.791488
0.477154 -0.879069 0.0184196 0.681493 0.878508 0.477489 -0.00687149 0.552247 -0.00275618 0.0194508 1.00049 0.791492
0.477154 -0.879073 0.0184196 0.681492 0.878507 0.477491 -0.00687155 0.552245 -0.00275619 0.0194508 1.00049 0.791496
0.477154 -0.879077 0.0184197 0.681492 0.878507 0.477493 -0.0068716 0.552244 -0.00275621 0.0194508 1.00049 0.7915
0.477154 -0.879081 0.0184198 0.681492 0.878507 0.477495 -0.00687166 0.552243 -0.00275623 0.0194509 1.0005 0.791504
0.477154 -0.879086 0.0184199 0.681492 0.878506 0.477498 -0.00687172 0.552241 -0.00275624 0.0194509 1.0005 0.791509
0.477154 -0.87909 0.01842 0.681492 0.878506 0.4775 -0.00687177 0.55224 -0.00275626 0.0194509 1.0005 0.791513
0.477155 -0.879094 0.0184201 0.681492 0.878506 0.477503 -0.00687183 0.552239 -0.00275627 0.019451 1.00051 0.791517
0.477155 -0.879099 0.0184202 0.681492 0.878506 0.477505 -0.00687189 0.552238 -0.00275629 0.019451 1.00051 0.791522
0.477155 -0.879103 0.0184203 0.681492 0.878506 0.477507 -0.00687195 0.552237 -0.0027563 0.019451 1.00051 0.791526
0.477155 -0.879108 0.0184203 0.681491 0.878505 0.47751 -0.006872 0.552236 -0.00275631 0.019451 1.00052 0.791531
0.477154 -0.879112 0.0184204 0.681491 0.878505 0.477512 -0.00687206 0.552234 -0.00275632 0.0194511 1.00052 0.791535
0.477154 -0.879116 0.0184205 0.681491 0.878505 0.477514 -0.00687211 0.552233 -0.00275634 0.0194511 1.00052 0.79154
0.477154 -0.879121 0.0184206 0.681491 0.878505 0.477517 -0.00687217 0.552232 -0.00275635 0.0194511 1.00053 0.791544
0.477154 -0.879125 0.0184207 0.68149 0.878504 0.477519 -0.00687222 0.552231 -0.00275636 0.0194511 1.00053 0.791549
0.477154 -0.87913 0.0184207 0.68149 0.878504 0.477521 -0.00687228 0.552229 -0.00275637 0.0194512 1.00054 0.791554
0.477154 -0.879134 0.0184208 0.681489 0.878504 0.477524 -0.00687233 0.552228 -0.00275638 0.0194512 1.00054 0.791558
0.477154 -0.879139 0.0184209 0.681489 0.878504 0.477526 -0.00687239 0.552227 -0.00275639 0.0194512 1.00054 0.791563
0.477154 -0.879143 0.018421 0.681489 0.878503 0.477528 -0.00687244 0.552226 -0.0027564 0.0194512 1.00055 0.791567
0.477154 -0.879148 0.018421 0.681488 0.878503 0.47753 -0.0068725 0.552225 -0.00275641 0.0194512 1.00055 0.791572
0.477153 -0.879152 0.0184211 0.681488 0.878503 0.477532 -0.00687256 0.552224 -0.00275642 0.0194512 1.00055 0.791577
0.477153 -0.879157 0.0184212 0.681487 0.878503 0.477535 -0.00687261 0.552223 -0.00275642 0.0194513 1.00056 0.791582
0.477153 -0.879161 0.0184212 0.681487 0.878502 0.477537 -0.00687266 0.552222 -0.00275643 0.0194513 1.00056 0.791587
0.477152 -0.879166 0.0184213 0.681487 0.878502 0.477539 -0.00687272 0.552221 -0.00275644 0.0194513 1.00056 0.791591
0.477152 -0.87917 0.0184214 0.681486 0.878502 0.477541 -0.00687277 0.55222 -0.00275644 0.0194513 1.00057 0.791596
0.477152 -0.879175 0.0184214 0.681486 0.878502 0.477543 -0.00687282 0.552219 -0.00275645 0.0194513 1.00057 0.791601
0.477152 -0.879179 0.0184215 0.681486 0.878502 0.477545 -0.00687288 0.552218 -0.00275645 0.0194513 1.00058 0.791606
0.477151 -0.879184 0.0184216 0.681486 0.878501 0.477547 -0.00687294 0.552218 -0.00275646 0.0194513 1.00058 0.791611
0.477151 -0.879189 0.0184216 0.681486 0.878501 0.47755 -0.00687299 0.552217 -0.00275646 0.0194513 1.00058 0.791616
0.477151 -0.879193 0.0184217 0.681486 0.878502 0.477552 -0.00687305 0.552216 -0.00275647 0.0194514 1.00059 0.791621
0.477151 -0.879198 0.0184218 0.681486 0.878502 0.477554 -0.00687311 0.552216 -0.00275648 0.0194514 1.00059 0.791626
0.477151 -0.879203 0.0184218 0.681486 0.878502 0.477557 -0.00687317 0.552215 -0.00275648 0.0194514 1.0006 0.791631
0.477151 -0.879208 0.0184219 0.681485 0.878503 0.477559 -0.00687323 0.552215 -0.00275648 0.0194514 1.0006 0.791636
0.477151 -0.879212 0.018422 0.681485 0.878503 0.477561 -0.00687329 0.552214 -0.00275648 0.0194514 1.0006 0.791641
0.477151 -0.879217 0.018422 0.681485 0.878503 0.477564 -0.00687335 0.552214 -0.00275649 0.0194514 1.00061 0.791646
0.477151 -0.879222 0.0184221 0.681485 0.878504 0.477566 -0.00687341 0.552214 -0.00275649 0.0194514 1.00061 0.791651
0.477152 -0.879227 0.0184222 0.681484 0.878504 0.477568 -0.00687347 0.552214 -0.00275649 0.0194514 1.00062 0.791656
0.477152 -0.879231 0.0184223 0.681484 0.878504 0.47757 -0.00687352 0.552213 -0.00275649 0.0194514 1.00062 0.791661
0.477152 -0.879236 0.0184223 0.681484 0.878505 0.477573 -0.00687358 0.552213 -0.0027565 0.0194515 1.00063 0.791666
0.477152 -0.879241 0.0184224 0.681483 0.878505 0.477575 -0.00687364 0.552213 -0.0027565 0.0194515 1.00063 0.791671
0.477152 -0.879245 0.0184225 0.681483 0.878506 0.477577 -0.00687369 0.552213 -0.0027565 0.0194515 1.00063 0.791676
0.477152 -0.87925 0.0184225 0.681482 0.878507 0.477579 -0.00687375 0.552213 -0.00275651 0.0194515 1.00064 0.791681
0.477152 -0.879255 0.0184226 0.681481 0.878507 0.477581 -0.00687381 0.552213 -0.00275651 0.0194515 1.00064 0.791687
0.477153 -0.879259 0.0184226 0.681481 0.878508 0.477583 -0.00687386 0.552212 -0.00275651 0.0194515 1.00065 0.791692
0.477153 -0.879264 0.0184227 0.68148 0.878508 0.477585 -0.00687392 0.552212 -0.00275651 0.0194515 1.00065 0.791697
0.477153 -0.879268 0.0184228 0.681479 0.878508 0.477587 -0.00687397 0.552211 -0.00275651 0.0194515 1.00065 0.791702
0.477153 -0.879273 0.0184228 0.681479 0.878509 0.477589 -0.00687403 0.552211 -0.00275651 0.0194515 1.00066 0.791708
0.477153 -0.879277 0.0184229 0.681478 0.878509 0.477591 -0.00687408 0.55221 -0.00275651 0.0194515 1.00066 0.791713
0.477153 -0.879281 0.0184229 0.681477 0.878509 0.477593 -0.00687413 0.55221 -0.00275651 0.0194515 1.00067 0.791718
0.477153 -0.879286 0.018423 0.681476 0.87851 0.477595 -0.00687418 0.55221 -0.00275651 0.0194515 1.00067 0.791723
0.477153 -0.87929 0.018423 0.681476 0.87851 0.477596 -0.00687424 0.552209 -0.00275651 0.0194515 1.00067 0.791729
0.477153 -0.879294 0.0184231 0.681475 0.87851 0.477598 -0.00687429 0.552209 -0.00275651 0.0194515 1.00068 0.791734
0.477152 -0.879298 0.0184231 0.681474 0.878511 0.4776 -0.00687434 0.552209 -0.0027565 0.0194516 1.00068 0.79174
0.477152 -0.879303 0.0184232 0.681473 0.878511 0.477602 -0.00687439 0.552208 -0.0027565 0.0194516 1.00068 0.791745
0.477152 -0.879307 0.0184232 0.681472 0.878511 0.477604 -0.00687444 0.552208 -0.00275649 0.0194516 1.00069 0.791751
0.477152 -0.879311 0.0184233 0.681471 0.878512 0.477605 -0.00687449 0.552208 -0.00275648 0.0194516 1.00069 0.791756
0.477152 -0.879316 0.0184233 0.68147 0.878512 0.477607 -0.00687454 0.552207 -0.00275648 0.0194516 1.00069 0.791761
0.477152 -0.87932 0.0184234 0.681469 0.878513 0.477609 -0.00687459 0.552207 -0.00275647 0.0194516 1.0007 0.791767
0.477152 -0.879325 0.0184234 0.681468 0.878513 0.477611 -0.00687464 0.552207 -0.00275646 0.0194516 1.0007 0.791772
0.477152 -0.879329 0.0184234 0.681467 0.878513 0.477613 -0.00687469 0.552207 -0.00275645 0.0194516 1.00071 0.791778
0.477152 -0.879333 0.0184235 0.681466 0.878514 0.477615 -0.00687475 0.552207 -0.00275644 0.0194516 1.00071 0.791783
0.477152 -0.879338 0.0184235 0.681465 0.878514 0.477617 -0.0068748 0.552206 -0.00275643 0.0194516 1.00071 0.791788
0.477152 -0.879343 0.0184236 0.681464 0.878515 0.477619 -0.00687485 0.552206 -0.00275643 0.0194516 1.00072 0.791794
0.477152 -0.879348 0.0184236 0.681463 0.878515 0.477621 -0.0068749 0.552206 -0.00275642 0.0194516 1.00072 0.791799
0.477152 -0.879352 0.0184236 0.681462 0.878516 0.477623 -0.00687496 0.552206 -0.00275641 0.0194516 1.00072 0.791804
0.477153 -0.879357 0.0184237 0.681461 0.878517 0.477625 -0.00687501 0.552206 -0.0027564 0.0194517 1.00073 0.79181
0.477153 -0.879362 0.0184237 0.68146 0.878517 0.477626 -0.00687506 0.552206 -0.0027564 0.0194517 1.00073 0.791815
0.477153 -0.879366 0.0184238 0.681459 0.878518 0.477628 -0.00687511 0.552206 -0.00275639 0.0194517 1.00074 0.79182
0.477153 -0.879371 0.0184238 0.681458 0.878518 0.47763 -0.00687516 0.552206 -0.00275638 0.0194517 1.00074 0.791825
0.477153 -0.879375 0.0184238 0.681457 0.878519 0.477632 -0.00687521 0.552206 -0.00275638 0.0194517 1.00074 0.791831
0.477153 -0.87938 0.0184238 0.681455 0.878519 0.477633 -0.00687526 0.552206 -0.00275637 0.0194517 1.00075 0.791836
0.477153 -0.879384 0.0184239 0.681454 0.87852 0.477635 -0.00687532 0.552206 -0.00275636 0.0194517 1.00075 0.791842
0.477153 -0.879388 0.0184239 0.681453 0.87852 0.477637 -0.00687537 0.552206 -0.00275635 0.0194517 1.00075 0.791847
0.477153 -0.879392 0.0184239 0.681452 0.87852 0.477638 -0.00687542 0.552206 -0.00275634 0.0194518 1.00076 0.791852
0.477153 -0.879397 0.018424 0.681451 0.878521 0.47764 -0.00687547 0.552206 -0.00275634 0.0194518 1.00076 0.791858
0.477153 -0.879401 0.018424 0.68145 0.878521 0.477642 -0.00687552 0.552206 -0.00275633 0.0194518 1.00076 0.791863
0.477153 -0.879405 0.018424 0.681449 0.878522 0.477643 -0.00687558 0.552206 -0.00275632 0.0194518 1.00077 0.791869
0.477153 -0.879409 0.018424 0.681448 0.878523 0.477645 -0.00687563 0.552207 -0.00275631 0.0194518 1.00077 0.791874
0.477153 -0.879414 0.0184241 0.681447 0.878524 0.477647 -0.00687568 0.552207 -0.0027563 0.0194518 1.00077 0.791879
0.477153 -0.879418 0.0184241 0.681446 0.878525 0.477649 -0.00687573 0.552207 -0.00275629 0.0194518 1.00078 0.791885
0.477153 -0.879422 0.0184241 0.681445 0.878526 0.477651 -0.00687579 0.552208 -0.00275628 0.0194518 1.00078 0.79189
0.477154 -0.879426 0.0184241 0.681444 0.878527 0.477652 -0.00687584 0.552209 -0.00275627 0.0194518 1.00078 0.791895
0.477154 -0.87943 0.0184242 0.681443 0.878529 0.477654 -0.0068759 0.552209 -0.00275627 0.0194518 1.00079 0.791901
0.477155 -0.879435 0.0184242 0.681442 0.87853 0.477656 -0.00687595 0.55221 -0.00275626 0.0194518 1.00079 0.791906
0.477155 -0.879439 0.0184242 0.681441 0.878532 0.477658 -0.00687601 0.552211 -0.00275625 0.0194518 1.00079 0.791911
0.477156 -0.879443 0.0184243 0.681441 0.878534 0.47766 -0.00687606 0.552212 -0.00275625 0.0194518 1.0008 0.791916
0.477157 -0.879448 0.0184243 0.68144 0.878536 0.477662 -0.00687612 0.552213 -0.00275624 0.0194518 1.0008 0.791922
0.477157 -0.879452 0.0184243 0.681439 0.878538 0.477664 -0.00687617 0.552214 -0.00275623 0.0194519 1.0008 0.791927
0.477158 -0.879456 0.0184243 0.681438 0.87854 0.477666 -0.00687623 0.552215 -0.00275623 0.0194519 1.00081 0.791932
0.477159 -0.879461 0.0184244 0.681437 0.878542 0.477668 -0.00687628 0.552216 -0.00275622 0.0194519 1.00081 0.791938
0.477159 -0.879465 0.0184244 0.681436 0.878544 0.47767 -0.00687634 0.552217 -0.00275622 0.0194519 1.00082 0.791943
0.47716 -0.87947 0.0184244 0.681435 0.878547 0.477672 -0.0068764 0.552218 -0.00275621 0.0194519 1.00082 0.791949
0.477161 -0.879474 0.0184245 0.681434 0.878549 0.477674 -0.00687645 0.552219 -0.0027562 0.0194519 1.00082 0.791954
0.477162 -0.879479 0.0184245 0.681433 0.878551 0.477676 -0.00687651 0.55222 -0.00275619 0.019452 1.00083 0.79196
0.477162 -0.879483 0.0184245 0.681432 0.878553 0.477678 -0.00687656 0.552221 -0.00275619 0.019452 1.00083 0.791965
0.477163 -0.879487 0.0184246 0.681431 0.878556 0.47768 -0.00687661 0.552222 -0.00275618 0.019452 1.00083 0.791971
0.477164 -0.879492 0.0184246 0.681429 0.878558 0.477682 -0.00687667 0.552223 -0.00275617 0.019452 1.00084 0.791977
0.477165 -0.879496 0.0184246 0.681428 0.878561 0.477684 -0.00687672 0.552225 -0.00275616 0.019452 1.00084 0.791983
0.477166 -0.8795 0.0184247 0.681427 0.878564 0.477686 -0.00687677 0.552226 -0.00275616 0.019452 1.00085 0.791989
0.477168 -0.879505 0.0184247 0.681427 0.878567 0.477688 -0.00687682 0.552227 -0.00275615 0.019452 1.00085 0.791995
0.477169 -0.879509 0.0184247 0.681426 0.87857 0.47769 -0.00687688 0.552228 -0.00275614 0.0194521 1.00086 0.792
