0.50502 -0.862377 0.0355041 0.712368 0.86278 0.505535 0.00678203 0.541586 -0.0237972 0.0272072 0.999346 0.771262
0.500833 -0.864872 0.0340984 1.00695 0.865246 0.501306 0.00648226 0.955918 -0.0227001 0.026257 0.999397 0.767066
0.498605 -0.866217 0.0325697 1.4244 0.86657 0.499023 0.00569667 1.80424 -0.0211876 0.0253835 0.999453 0.748374
0.494471 -0.868627 0.0313985 1.7777 0.86896 0.494854 0.00534465 2.51715 -0.0201802 0.0246413 0.999493 0.733934
0.490513 -0.870854 0.0317827 2.13439 0.871207 0.490892 0.00493943 3.09979 -0.0199034 0.0252664 0.999483 0.721959
0.486355 -0.873241 0.0301547 2.53371 0.873558 0.486696 0.00478325 3.76639 -0.0188531 0.0240155 0.999534 0.7209
0.482074 -0.875683 0.0279884 2.91217 0.875944 0.482385 0.00523925 4.4576 -0.0180891 0.0219905 0.999595 0.714215
0.47778 -0.8781 0.0258197 3.28723 0.878308 0.478061 0.00568458 5.15066 -0.017335 0.0199617 0.99965 0.708121
0.473703 -0.880338 0.0247016 3.66624 0.880492 0.473999 0.00759424 5.84943 -0.0183941 0.0181522 0.999666 0.701111
0.47051 -0.881962 0.0276246 4.05384 0.882122 0.470912 0.0101165 6.57048 -0.0219311 0.0196083 0.999567 0.669002
0.4673 -0.883572 0.0305382 4.43877 0.883732 0.467822 0.0126489 7.29282 -0.0254627 0.0210768 0.999454 0.633998
0.465495 -0.884511 0.0308937 4.82834 0.884717 0.465995 0.0111971 8.02453 -0.0243002 0.02212 0.99946 0.606909
0.463899 -0.885342 0.0310873 5.21279 0.885589 0.464368 0.00968543 8.75629 -0.0230109 0.0230375 0.99947 0.599907
0.46263 -0.885999 0.0312958 5.6043 0.88626 0.463095 0.00927872 9.50829 -0.0227138 0.0234436 0.999467 0.603173
0.461334 -0.886609 0.0330917 5.99785 0.886934 0.461819 0.00845446 10.2824 -0.0227782 0.0254498 0.999417 0.592836
0.459838 -0.887388 0.033036 6.38556 0.887733 0.460297 0.00751717 11.075 -0.021877 0.0258705 0.999426 0.577662
0.458288 -0.888215 0.0323502 6.77018 0.888576 0.458691 0.00593583 11.8663 -0.020111 0.0260253 0.999459 0.56058
0.456804 -0.88909 0.0291393 7.15638 0.889388 0.457124 0.00509175 12.6796 -0.0178473 0.0235902 0.999562 0.545984
0.455273 -0.889952 0.0266639 7.54596 0.890199 0.455546 0.00487918 13.4908 -0.0164889 0.0215148 0.999633 0.527668
0.454138 -0.890539 0.0264404 7.95591 0.890756 0.454438 0.00638285 14.2998 -0.0176997 0.0206532 0.99963 0.510913
0.453128 -0.891037 0.0269891 8.36151 0.891238 0.453468 0.00786119 15.11 -0.0192433 0.0204915 0.999605 0.504051
0.452229 -0.891478 0.0275108 8.77514 0.891666 0.452604 0.00904632 15.9289 -0.0205161 0.0204394 0.999581 0.499282
0.451154 -0.892007 0.0280052 9.19958 0.892223 0.451521 0.00821789 16.7434 -0.0199754 0.0212794 0.999574 0.489027
0.450079 -0.892534 0.0285007 9.62304 0.892778 0.450437 0.00739006 17.5584 -0.0194337 0.0221186 0.999566 0.47926
0.449231 -0.892947 0.028933 10.0376 0.89319 0.44961 0.00793024 18.3817 -0.0200899 0.0222802 0.99955 0.4668
0.448859 -0.893121 0.0293324 10.458 0.893315 0.449305 0.0106358 19.2263 -0.0226783 0.0214291 0.999513 0.449482
0.449294 -0.892879 0.0300219 10.8819 0.892995 0.449836 0.0143781 20.0698 -0.0263429 0.0203494 0.999446 0.429963
0.450119 -0.892427 0.0311026 11.3108 0.892484 0.450749 0.0172416 20.9052 -0.0294063 0.0199978 0.999367 0.407692
0.451586 -0.891606 0.0332964 11.7284 0.89167 0.452308 0.0184727 21.744 -0.0315306 0.0213474 0.999275 0.38375
0.454009 -0.890345 0.0340869 12.1487 0.890509 0.454694 0.0156964 22.5917 -0.0294743 0.0232284 0.999296 0.359268
0.456112 -0.889299 0.0333128 12.5603 0.889528 0.456705 0.0126952 23.4416 -0.0265039 0.0238423 0.999364 0.347183
0.457004 -0.888896 0.031799 12.984 0.889183 0.457467 0.00883297 24.3004 -0.0223986 0.0242385 0.999455 0.33733
0.457582 -0.888681 0.0294118 13.4382 0.888887 0.458018 0.00998283 25.1645 -0.0223427 0.0215758 0.999518 0.324842
0.457352 -0.888837 0.0282329 13.8912 0.888906 0.457854 0.014702 26.0621 -0.0259943 0.0183724 0.999493 0.308741
0.456984 -0.888858 0.0331242 14.3424 0.888977 0.457657 0.0164297 26.9161 -0.0297632 0.0219386 0.999316 0.269425
0.456338 -0.888867 0.040871 14.8064 0.889296 0.457151 0.0128868 27.775 -0.0301388 0.0304657 0.999081 0.261987
0.455032 -0.889257 0.0465551 15.2523 0.890034 0.45583 0.00764023 28.6487 -0.0280153 0.0379591 0.998887 0.249701
0.453724 -0.889951 0.0460543 15.6989 0.890815 0.454351 0.0035939 29.5319 -0.0241232 0.0393952 0.998932 0.239162
0.451705 -0.891138 0.0428427 16.1309 0.891893 0.452235 0.00305908 30.4112 -0.0221011 0.0368294 0.999077 0.211849
0.450434 -0.891879 0.0407609 16.5988 0.8925 0.451011 0.00575942 31.3189 -0.0235203 0.0337849 0.999152 0.193552
0.449499 -0.892394 0.0398023 17.0527 0.892912 0.450148 0.00869033 32.2275 -0.0256721 0.0316336 0.99917 0.16964
0.448668 -0.892893 0.0379423 17.4978 0.893269 0.449363 0.0119208 33.1324 -0.0276939 0.0285443 0.999209 0.150563
0.447839 -0.893386 0.0360792 17.9421 0.89362 0.448569 0.0151495 34.0377 -0.0297183 0.0254565 0.999234 0.129418
0.447182 -0.893593 0.0390022 18.3997 0.893855 0.448043 0.0167327 34.939 -0.0324269 0.0273797 0.999099 0.103632
0.446516 -0.893793 0.0419237 18.8566 0.894086 0.447521 0.0183176 35.8405 -0.0351339 0.0293043 0.998953 0.075098
0.44657 -0.89384 0.0403164 19.2809 0.894043 0.447554 0.0195739 36.7491 -0.0355396 0.0273035 0.998995 0.064492
0.446729 -0.893774 0.0400093 19.7174 0.893989 0.447687 0.0190038 37.6507 -0.0348968 0.0272783 0.999019 0.0472044
0.447181 -0.893582 0.0392441 20.1693 0.893852 0.44805 0.0167173 38.5563 -0.0325216 0.0276028 0.99909 0.0207864
0.446584 -0.893975 0.0370152 20.6193 0.894191 0.447378 0.0165694 39.4513 -0.0313725 0.0256991 0.999177 0.000443827
0.445438 -0.89451 0.0379151 21.0588 0.894733 0.446274 0.0171163 40.356 -0.0322312 0.0262996 0.999134 -0.0249161
0.444289 -0.895042 0.0388143 21.4972 0.895272 0.44517 0.0176643 41.2612 -0.0330892 0.0269013 0.99909 -0.0511337
0.444173 -0.895015 0.0407148 21.9521 0.895358 0.445065 0.0158642 42.1338 -0.0323194 0.0294078 0.999045 -0.0553706
0.443867 -0.895352 0.036442 22.3691 0.895662 0.444547 0.0129274 43.0107 -0.0277747 0.0269016 0.999252 -0.0848388
0.443511 -0.895663 0.0329558 22.7843 0.895906 0.444078 0.0121352 43.9065 -0.0255039 0.0241432 0.999383 -0.103051
0.443283 -0.895716 0.0345444 23.2289 0.895949 0.443937 0.0139634 44.7883 -0.0278427 0.0247603 0.999306 -0.124701
0.443116 -0.895708 0.0368272 23.6712 0.895919 0.443905 0.0166506 45.6569 -0.0312618 0.0256161 0.999183 -0.135956
0.442571 -0.895903 0.0385778 24.0913 0.896138 0.443435 0.0173722 46.5119 -0.0326706 0.0268826 0.999105 -0.160751
0.442684 -0.895745 0.0408853 24.5195 0.896102 0.443573 0.0156184 47.3776 -0.0321257 0.0297234 0.999042 -0.166059
0.442568 -0.895744 0.0421349 24.9514 0.896201 0.443437 0.0136716 48.2563 -0.0309304 0.0317107 0.999018 -0.169879
0.442066 -0.895948 0.0430633 25.3884 0.896449 0.44295 0.0132356 49.132 -0.0309333 0.032753 0.998985 -0.200274
0.440791 -0.896394 0.0467031 25.8167 0.896965 0.44185 0.0149227 49.9929 -0.0340124 0.0353132 0.998797 -0.230914
0.439669 -0.896743 0.050433 26.2232 0.897321 0.440992 0.0184747 50.8581 -0.0388076 0.0371319 0.998557 -0.252507
0.438851 -0.897041 0.0522169 26.6596 0.897584 0.440341 0.0210332 51.7396 -0.0418609 0.0376386 0.998414 -0.291633
0.438049 -0.897498 0.0510892 27.0502 0.89808 0.439419 0.0190764 52.5866 -0.0395706 0.0375258 0.998512 -0.299652
0.437552 -0.897896 0.0482772 27.4427 0.898577 0.438608 0.0134752 53.4098 -0.0332741 0.0374847 0.998743 -0.305173
0.436648 -0.898516 0.0448115 27.8514 0.89921 0.437428 0.00887295 54.2428 -0.0275743 0.0364206 0.998956 -0.318982
0.435788 -0.899209 0.0388861 28.2347 0.899636 0.43649 0.0114625 55.0441 -0.0272806 0.0299881 0.999178 -0.349542
0.434756 -0.899814 0.0363593 28.6067 0.900061 0.435495 0.0153252 55.873 -0.0296241 0.0260628 0.999221 -0.376684
0.433591 -0.900401 0.0357372 28.9921 0.900555 0.434375 0.0178628 56.6936 -0.031607 0.0244381 0.999202 -0.392923
0.432506 -0.900878 0.0368521 29.3772 0.901073 0.433315 0.0175046 57.444 -0.0317381 0.0256356 0.999167 -0.399596
0.431161 -0.901503 0.0373226 29.7446 0.901707 0.431988 0.0176256 58.2222 -0.0320124 0.0260546 0.999148 -0.425937
0.429804 -0.902142 0.0375243 30.1116 0.902341 0.430647 0.0179876 59.0107 -0.0323871 0.0261286 0.999134 -0.449339
0.428747 -0.902669 0.0369432 30.4555 0.902828 0.429592 0.0188067 59.7654 -0.0328468 0.02529 0.99914 -0.459926
0.427734 -0.903164 0.0365757 30.7971 0.903285 0.428589 0.0196907 60.5078 -0.0334598 0.0246159 0.999137 -0.473031
0.426269 -0.903971 0.0336272 31.1303 0.903876 0.427118 0.0240493 61.2475 -0.0361027 0.0201433 0.999145 -0.494766
0.42501 -0.904597 0.0327342 31.469 0.904356 0.425892 0.027495 61.9798 -0.0388131 0.0179178 0.999086 -0.522064
0.42384 -0.905136 0.0329779 31.8054 0.904789 0.424781 0.0302897 62.7042 -0.0414247 0.017 0.998997 -0.54769
0.422463 -0.905816 0.0319711 32.1038 0.905552 0.423322 0.0278228 63.3862 -0.0387364 0.0171974 0.999101 -0.539162
0.421755 -0.906318 0.0266636 32.4317 0.906077 0.422377 0.0249401 64.0425 -0.0338658 0.0136406 0.999333 -0.521159
0.42055 -0.906951 0.0240476 32.7142 0.906851 0.421013 0.019202 64.6777 -0.0275396 0.0137322 0.999526 -0.553109
0.419809 -0.907346 0.0219899 33.0126 0.907256 0.4202 0.0178605 65.3335 -0.0254458 0.0124525 0.999599 -0.567203
0.419207 -0.907663 0.0203422 33.3014 0.907482 0.419586 0.0206112 65.9497 -0.0272433 0.0098198 0.999581 -0.579112
0.418303 -0.908071 0.0207395 33.5802 0.907816 0.418719 0.0233267 66.5549 -0.0298663 0.00907001 0.999513 -0.596232
0.417217 -0.908471 0.0247191 33.8351 0.908395 0.417693 0.0187376 67.1408 -0.0273475 0.0146371 0.999519 -0.575135
0.417574 -0.90819 0.0286932 34.0975 0.908331 0.41805 0.0130012 67.7014 -0.0238028 0.0206339 0.999504 -0.576681
0.418361 -0.907817 0.0290417 34.352 0.908075 0.418733 0.0078978 68.2546 -0.0193305 0.023068 0.999547 -0.593738
0.421332 -0.906458 0.0285302 34.5804 0.906715 0.42168 0.00727633 68.7837 -0.0186263 0.022803 0.999566 -0.605256
0.424984 -0.904831 0.0258626 34.8388 0.904985 0.425333 0.00968749 69.308 -0.0197658 0.0192883 0.999619 -0.620959
0.429258 -0.902815 0.025747 35.0793 0.902884 0.429674 0.0134231 69.8294 -0.0231814 0.0174845 0.999578 -0.627368
0.434413 -0.900243 0.0291123 35.3151 0.900301 0.434965 0.016225 70.31 -0.0272692 0.0191615 0.999444 -0.617534
0.440724 -0.896921 0.0359774 35.5592 0.897099 0.441498 0.017126 70.7809 -0.0312447 0.0247274 0.999206 -0.62686
0.450392 -0.89214 0.035117 35.7857 0.892256 0.451165 0.0181581 71.2383 -0.0320432 0.0231551 0.999218 -0.618798
0.462895 -0.885887 0.0305139 36.0291 0.88583 0.463565 0.0203276 71.7126 -0.0321531 0.0176206 0.999328 -0.62036
0.478588 -0.877669 0.025496 36.2834 0.877416 0.479141 0.0237785 72.1382 -0.0330858 0.0109905 0.999392 -0.634165
0.497756 -0.866918 0.026317 36.5094 0.866636 0.498339 0.0245243 72.5324 -0.0343753 0.0106001 0.999353 -0.662511
0.519996 -0.853673 0.0290961 36.7471 0.853426 0.520662 0.023988 72.9337 -0.0356271 0.0123577 0.999289 -0.654658
0.544965 -0.837843 0.032148 36.9791 0.837595 0.545743 0.0244883 73.3056 -0.0380619 0.0135817 0.999183 -0.66427
0.572439 -0.81923 0.0342821 37.2449 0.818946 0.573306 0.0254639 73.6632 -0.0405149 0.0134987 0.999088 -0.681412
0.602555 -0.79729 0.0354254 37.4869 0.796955 0.603468 0.0262484 73.9934 -0.0423057 0.0124164 0.999028 -0.685501
0.635886 -0.770964 0.0355446 37.7407 0.770562 0.636796 0.0269356 74.3349 -0.043401 0.0102613 0.999005 -0.698758
0.670379 -0.741105 0.0368104 38.0128 0.740665 0.671327 0.0271126 74.6586 -0.0448051 0.0090885 0.998954 -0.712437
0.706766 -0.706554 0.0355274 38.2709 0.706023 0.707638 0.0279215 74.9392 -0.0448686 0.00534924 0.998979 -0.716408
0.744666 -0.666577 0.0338696 38.5854 0.666028 0.745432 0.0271548 75.2019 -0.0433483 0.00233683 0.999057 -0.725874
0.782373 -0.621942 0.03286 38.8956 0.621383 0.783063 0.026371 75.4475 -0.0421327 -0.00021336 0.999112 -0.741825
0.818783 -0.573164 0.0328339 39.2192 0.57258 0.819437 0.0259833 75.6885 -0.041798 -0.00247464 0.999123 -0.766851
0.853799 -0.519591 0.0324366 39.525 0.51898 0.8544 0.0257071 75.8577 -0.041071 -0.00511473 0.999143 -0.791202
0.88575 -0.463037 0.0322939 39.9105 0.462496 0.886322 0.0230364 76.0106 -0.0392895 -0.00546875 0.999213 -0.802358
0.913765 -0.404946 0.0324317 40.2796 0.404381 0.914309 0.0226941 76.1391 -0.0388425 -0.00762233 0.999216 -0.810338
0.93789 -0.345232 0.0343175 40.6488 0.344601 0.938466 0.0230525 76.2461 -0.0401643 -0.00979492 0.999145 -0.806602
0.957843 -0.285038 0.0359129 41.0443 0.284285 0.958422 0.0246854 76.3309 -0.041456 -0.0134352 0.99905 -0.813549
0.973855 -0.224018 0.0377137 41.4203 0.223183 0.974453 0.0251069 76.3839 -0.0423747 -0.0160334 0.998973 -0.83886
0.985762 -0.163881 0.0376311 41.8052 0.163132 0.986354 0.0222047 76.4207 -0.0407566 -0.0157498 0.999045 -0.865463
0.993708 -0.105434 0.0377762 42.1702 0.104822 0.994331 0.0178339 76.4369 -0.0394424 -0.0137619 0.999127 -0.877175
0.998044 -0.0495816 0.0380836 42.574 0.0488852 0.998624 0.0190064 76.4325 -0.0389736 -0.0171075 0.999094 -0.856412
0.999277 0.00537729 0.0376471 42.9505 -0.00622379 0.99973 0.0224041 76.4252 -0.0375164 -0.0226222 0.99904 -0.858945
0.997753 0.0564852 0.0360273 43.3606 -0.057357 0.998074 0.0236414 76.3822 -0.0346226 -0.0256547 0.999071 -0.888963
0.994006 0.103674 0.0347044 43.7453 -0.104341 0.994379 0.0179805 76.3158 -0.0326452 -0.0214938 0.999236 -0.943338
0.988479 0.147206 0.0351959 44.1166 -0.147469 0.989054 0.00498061 76.2114 -0.0340774 -0.0101135 0.999368 -0.966625
0.981847 0.185985 0.0372217 44.4948 -0.186115 0.982528 2.16677e-05 76.1783 -0.0365673 -0.00694876 0.999307 -0.937199
0.974646 0.22057 0.0376144 44.8657 -0.220793 0.975319 0.00183589 76.1197 -0.0362811 -0.0100943 0.999291 -0.892547
0.967245 0.251376 0.0353145 45.2374 -0.25194 0.967662 0.0124881 76.0263 -0.0310333 -0.0209762 0.999298 -0.891056
0.959547 0.279566 0.0333443 45.6616 -0.280296 0.959713 0.0196086 75.9298 -0.0265191 -0.0281616 0.999252 -0.932433
0.951663 0.305591 0.0308384 46.0301 -0.306248 0.951755 0.0193539 75.8268 -0.0234362 -0.0278626 0.999337 -0.95855
0.94266 0.332675 0.0268093 46.3739 -0.333125 0.942773 0.0144126 75.7987 -0.0204804 -0.022517 0.999537 -0.977962
0.93564 0.352455 0.0188249 46.7522 -0.352657 0.935712 0.00871747 75.6553 -0.0145422 -0.0147952 0.999785 -0.982237
0.9289 0.370118 0.0125328 47.1608 -0.370243 0.928883 0.0098035 75.4666 -0.00801303 -0.0137466 0.999873 -0.981727
0.922096 0.386749 0.0127762 47.611 -0.386897 0.922039 0.0124268 75.298 -0.00697411 -0.0164018 0.999841 -0.985991
0.916061 0.400598 0.0187921 48.0709 -0.400897 0.915976 0.0164105 75.08 -0.0106391 -0.0225667 0.999689 -1.00079
0.910194 0.413646 0.0210732 48.4826 -0.413982 0.910157 0.015238 74.8676 -0.0128768 -0.0225935 0.999662 -0.99135
0.904276 0.426352 0.022578 48.9039 -0.426671 0.904331 0.0117372 74.6489 -0.0154138 -0.020247 0.999676 -0.99332
0.89934 0.436764 0.020617 49.3773 -0.436976 0.899447 0.00694344 74.4219 -0.0155113 -0.0152536 0.999763 -1.00676
0.89465 0.446405 0.0179816 49.8253 -0.44653 0.894762 0.00340333 74.1895 -0.01457 -0.0110741 0.999833 -1.01187
0.891223 0.453221 0.0176846 50.2748 -0.453349 0.891325 0.00383378 73.9406 -0.0140251 -0.011434 0.999836 -1.02246
0.888237 0.459031 0.0180629 50.7708 -0.459184 0.888326 0.00524862 73.7174 -0.0136364 -0.0129562 0.999823 -1.03185
0.886046 0.463296 0.0166774 51.2846 -0.463424 0.886125 0.00460409 73.4047 -0.0126452 -0.0118082 0.99985 -1.02414
0.883623 0.467921 0.0161566 51.7909 -0.468054 0.883683 0.005486 73.1171 -0.0117103 -0.0124097 0.999854 -1.0379
0.881222 0.47245 0.0154735 52.3188 -0.472563 0.881286 0.00444932 72.8342 -0.0115345 -0.011233 0.99987 -1.04507
0.879955 0.4748 0.0156371 52.8795 -0.474914 0.880022 0.00437682 72.5493 -0.0116829 -0.0112777 0.999868 -1.05013
0.878185 0.478056 0.0159018 53.4461 -0.478175 0.878252 0.00456698 72.2432 -0.0117825 -0.0116145 0.999863 -1.04951
0.877349 0.479604 0.0154605 54.0311 -0.479695 0.877431 0.00262587 71.9125 -0.0123061 -0.00972011 0.999877 -1.07339
0.876708 0.480804 0.0145143 54.6097 -0.48086 0.876797 0.000375604 71.5819 -0.0125455 -0.00730864 0.999895 -1.08149
0.877009 0.480257 0.0144525 55.2021 -0.480298 0.877105 -0.000711645 71.2624 -0.0130182 -0.00631739 0.999895 -1.09113
0.878157 0.478195 0.0130617 55.8434 -0.478188 0.878249 -0.00383283 70.9114 -0.0133043 -0.00288015 0.999907 -1.09337
0.879836 0.475136 0.0116015 56.4966 -0.475087 0.879912 -0.00687569 70.5596 -0.0134752 0.000537778 0.999909 -1.09655
0.881985 0.471152 0.0108541 57.1629 -0.471078 0.882048 -0.00874995 70.2009 -0.0136964 0.0026042 0.999903 -1.11173
0.883582 0.468134 0.0115253 57.8294 -0.468033 0.883649 -0.0104177 69.8553 -0.0150612 0.00381066 0.999879 -1.12884
0.885712 0.464079 0.0120609 58.5171 -0.463941 0.885776 -0.0126026 69.5285 -0.0165318 0.00556672 0.999848 -1.12716
0.887601 0.460378 0.014692 59.2457 -0.460266 0.887719 -0.0104805 69.1401 -0.0178674 0.00254032 0.999837 -1.1613
0.8895 0.456583 0.0179486 59.9454 -0.45653 0.889679 -0.00720792 68.7801 -0.0192595 -0.00178261 0.999813 -1.1645
0.891421 0.452854 0.0170664 60.6584 -0.452778 0.891585 -0.00832222 68.4276 -0.0189849 -0.000308665 0.99982 -1.16271
0.893032 0.449719 0.015682 61.3912 -0.449699 0.893166 -0.00500642 68.0699 -0.0162582 -0.0025813 0.999865 -1.15391
0.894077 0.447711 0.0134419 62.1328 -0.447758 0.894155 0.000557215 67.6941 -0.0117697 -0.00651691 0.99991 -1.16369
0.89363 0.448618 0.0129039 62.8396 -0.448703 0.89367 0.00451993 67.3713 -0.00950411 -0.00982917 0.999907 -1.17549
0.894019 0.447773 0.0151518 63.5814 -0.447918 0.894039 0.00799697 67.0131 -0.00996548 -0.0139362 0.999853 -1.18387
0.894002 0.447774 0.0160901 64.3412 -0.447928 0.894038 0.00754533 66.6287 -0.0110066 -0.0139527 0.999842 -1.17745
0.893948 0.447877 0.0161995 65.0956 -0.448017 0.894004 0.00618917 66.2551 -0.0117105 -0.0127905 0.99985 -1.17799
0.894015 0.447621 0.019276 65.8262 -0.447862 0.89404 0.0106022 65.9041 -0.0124877 -0.0181115 0.999758 -1.18315
0.894186 0.447273 0.0194449 66.5612 -0.447515 0.894216 0.0104238 65.5319 -0.0127256 -0.0180227 0.999757 -1.18395
0.894169 0.447351 0.018442 67.3026 -0.447562 0.894204 0.00939876 65.1727 -0.0122864 -0.016658 0.999786 -1.17741
0.893978 0.447698 0.0192236 68.0717 -0.447967 0.893955 0.0130322 64.8109 -0.0113505 -0.0202621 0.99973 -1.1792
0.89275 0.450069 0.0208491 68.8007 -0.450406 0.892681 0.0159337 64.4836 -0.0114404 -0.0236153 0.999656 -1.18486
0.891148 0.453154 0.0225172 69.51 -0.453538 0.891085 0.0164396 64.1255 -0.0126151 -0.0248625 0.999611 -1.18462
0.888608 0.457963 0.0254242 70.2449 -0.458432 0.888563 0.0171969 63.7323 -0.0147154 -0.0269366 0.999529 -1.18379
0.88607 0.462707 0.0279674 70.9861 -0.463254 0.88605 0.0176394 63.3374 -0.0166186 -0.0285857 0.999453 -1.19343
0.882578 0.469343 0.0278084 71.7234 -0.469883 0.882554 0.0175742 62.9421 -0.0162941 -0.0285773 0.999459 -1.19589
0.878115 0.477703 0.0267156 72.4955 -0.478204 0.878083 0.0170407 62.5844 -0.0153181 -0.0277392 0.999498 -1.19079
0.873205 0.486689 0.0254125 73.2299 -0.487142 0.873173 0.0161675 62.1841 -0.014321 -0.026497 0.999546 -1.19458
0.868027 0.495734 0.0278766 73.9347 -0.49628 0.867978 0.0178885 61.7846 -0.0153284 -0.0293624 0.999451 -1.21688
0.862563 0.505105 0.0292131 74.6244 -0.505694 0.862523 0.0180911 61.4059 -0.016059 -0.0303776 0.999409 -1.21078
0.856535 0.515257 0.0292797 75.2939 -0.515819 0.856542 0.016338 60.9895 -0.016661 -0.0290971 0.999438 -1.20917
0.85041 0.525312 0.0291527 75.9617 -0.525849 0.850446 0.0149976 60.5757 -0.0169144 -0.028084 0.999462 -1.20134
0.84455 0.534715 0.0285678 76.6293 -0.535242 0.844557 0.0154815 60.1713 -0.0158489 -0.0283656 0.999472 -1.21273
0.839311 0.542881 0.028937 77.2618 -0.543451 0.839258 0.0175324 59.7577 -0.0147676 -0.030441 0.999427 -1.20976
0.833682 0.551503 0.0286193 77.9104 -0.552079 0.833582 0.0187128 59.3419 -0.0135364 -0.0314006 0.999415 -1.22369
0.828301 0.559632 0.0270059 78.5324 -0.56014 0.828216 0.0173622 58.9172 -0.0126503 -0.0295082 0.999484 -1.22834
0.823153 0.567172 0.027094 79.138 -0.567691 0.823044 0.0180354 58.4791 -0.0120704 -0.0302269 0.99947 -1.22441
0.817967 0.574654 0.026509 79.7402 -0.575144 0.817873 0.0171357 58.0421 -0.0118339 -0.0292629 0.999502 -1.21221
0.812532 0.582235 0.0281698 80.3502 -0.582788 0.812417 0.0183284 57.5927 -0.0122142 -0.0313095 0.999435 -1.20896
0.807954 0.588647 0.0265688 80.9797 -0.589098 0.807939 0.0140738 57.1648 -0.0131815 -0.0270227 0.999548 -1.20494
0.80417 0.593763 0.0275135 81.5911 -0.594216 0.80421 0.0123782 56.7271 -0.014777 -0.0263032 0.999545 -1.2003
0.802109 0.596476 0.028944 82.1563 -0.596959 0.802185 0.0118336 56.2994 -0.01616 -0.0267702 0.999511 -1.22698
0.800761 0.598289 0.0288571 82.7326 -0.598711 0.800922 0.00837626 55.861 -0.0181008 -0.0239844 0.999548 -1.21852
0.79955 0.599902 0.028944 83.2971 -0.600297 0.799748 0.00681179 55.4374 -0.0190615 -0.0228214 0.999558 -1.2086
0.799586 0.599896 0.0280571 83.816 -0.600259 0.799782 0.0061779 55.0519 -0.0187335 -0.0217813 0.999587 -1.23946
0.800335 0.598948 0.0269087 84.3475 -0.599292 0.800504 0.00647119 54.6756 -0.0176646 -0.0213053 0.999617 -1.24206
0.80205 0.596767 0.0241888 84.8674 -0.597001 0.802234 0.00323307 54.2864 -0.0174757 -0.0170338 0.999702 -1.21846
0.805112 0.592594 0.0250391 85.3911 -0.592892 0.805259 0.00610749 53.897 -0.0165437 -0.0197627 0.999668 -1.23209
0.809825 0.586204 0.0234393 85.8923 -0.586472 0.809945 0.00624994 53.5366 -0.0153208 -0.0188078 0.999706 -1.23019
0.816415 0.576909 0.0253417 86.3417 -0.577243 0.816532 0.00808337 53.204 -0.016029 -0.0212277 0.999646 -1.236
0.824043 0.565969 0.0251604 86.8369 -0.566312 0.824141 0.00903914 52.8903 -0.0156199 -0.0216973 0.999643 -1.23212
0.833397 0.55216 0.0238372 87.3162 -0.552495 0.833451 0.0104728 52.6035 -0.0140844 -0.021898 0.999661 -1.22457
0.845208 0.533956 0.022707 87.8042 -0.534299 0.845194 0.0131191 52.2846 -0.0121868 -0.0232207 0.999656 -1.23343
0.857844 0.513508 0.0203186 88.2695 -0.513817 0.857769 0.0149712 52.013 -0.00974081 -0.023283 0.999681 -1.22733
0.871703 0.489659 0.0191731 88.7571 -0.489962 0.871579 0.0169425 51.7861 -0.00841483 -0.024163 0.999673 -1.22327
0.886827 0.461697 0.0193461 89.2256 -0.462012 0.886703 0.0174238 51.5861 -0.00910977 -0.02439 0.999661 -1.22876
0.903893 0.427284 0.0201629 89.7948 -0.42761 0.903819 0.0161793 51.319 -0.0113105 -0.0232462 0.999666 -1.24138
0.920974 0.389002 0.0220151 90.3055 -0.389368 0.920947 0.0157862 51.1292 -0.0141339 -0.0231107 0.999633 -1.25073
0.937738 0.346326 0.0265522 90.8059 -0.346801 0.937804 0.0158892 50.9763 -0.0193979 -0.0241082 0.999521 -1.25623
0.953369 0.300317 0.029952 91.3094 -0.300901 0.953498 0.0173157 50.892 -0.023359 -0.0255209 0.999401 -1.27341
0.96764 0.250147 0.0331382 91.7997 -0.250838 0.96785 0.0185921 50.8309 -0.0274221 -0.0263029 0.999278 -1.27746
0.980078 0.19578 0.0334252 92.303 -0.196513 0.980292 0.0202561 50.7772 -0.0288007 -0.0264211 0.999236 -1.29556
0.990243 0.135695 0.0317001 92.8306 -0.136289 0.990517 0.0173882 50.7644 -0.02904 -0.0215389 0.999346 -1.27567
0.997145 0.0702115 0.0277868 93.3421 -0.0706832 0.997364 0.0163706 50.7596 -0.0265641 -0.0182879 0.99948 -1.26747
0.99974 0.00230519 0.0226842 93.813 -0.00261121 0.999906 0.0134704 50.772 -0.022651 -0.0135262 0.999652 -1.26063
0.997623 -0.0665843 0.0177358 94.2882 0.0663384 0.997697 0.0141062 50.8436 -0.0186342 -0.0128961 0.999743 -1.26717
0.990621 -0.135761 0.0154801 94.7427 0.135523 0.990652 0.0155396 50.9508 -0.0174451 -0.013296 0.999759 -1.28914
0.978666 -0.20503 0.0132624 95.2153 0.204832 0.978684 0.0148838 51.0709 -0.0160313 -0.0118497 0.999801 -1.31338
0.962129 -0.272284 0.0129952 95.6491 0.272137 0.962183 0.012053 51.2038 -0.0157856 -0.00806004 0.999843 -1.32682
0.94142 -0.336835 0.0164285 96.0864 0.336651 0.94154 0.0130171 51.3983 -0.0198527 -0.00672384 0.99978 -1.29642
0.916059 -0.400461 0.0215873 96.5128 0.400236 0.916304 0.0140865 51.6162 -0.0254216 -0.00426402 0.999668 -1.32629
0.887752 -0.459569 0.0263325 96.9069 0.459275 0.888138 0.0166475 51.853 -0.0310375 -0.00268497 0.999515 -1.32778
0.856495 -0.515238 0.0307562 97.2809 0.514843 0.857046 0.0202472 52.0975 -0.0367916 -0.00150698 0.999322 -1.35157
0.825561 -0.563333 0.0332313 97.6885 0.562814 0.826229 0.0242187 52.4429 -0.0410999 -0.00129098 0.999154 -1.35504
0.795618 -0.604781 0.0350999 98.0329 0.604111 0.79639 0.0284986 52.6979 -0.0451886 -0.00146977 0.998977 -1.34169
0.767671 -0.639993 0.0330074 98.3571 0.639105 0.768364 0.0340794 52.966 -0.0471722 -0.00506654 0.998874 -1.36878
0.743804 -0.667762 0.0291466 98.707 0.66687 0.744345 0.0351496 53.3317 -0.0451667 -0.00670744 0.998957 -1.39766
0.723074 -0.690318 0.0249921 98.996 0.689495 0.723464 0.0345821 53.724 -0.0419536 -0.0077735 0.999089 -1.45433
0.706317 -0.707325 0.0283975 99.3016 0.706655 0.706886 0.0308314 54.0168 -0.0418816 -0.00170949 0.999121 -1.45938
0.694342 -0.719008 0.0302827 99.6513 0.718391 0.695001 0.0297911 54.3699 -0.0424665 0.0010696 0.999097 -1.47198
0.685354 -0.727685 0.0276578 99.9654 0.726978 0.685909 0.0321265 54.7622 -0.0423487 -0.00191135 0.999101 -1.48638
0.67803 -0.734641 0.0240363 100.286 0.733787 0.678422 0.0360442 55.1288 -0.0427863 -0.00680155 0.999061 -1.50009
0.673049 -0.739339 0.0195862 100.625 0.738449 0.673243 0.0378992 55.5185 -0.0412066 -0.0110446 0.99909 -1.53258
0.671936 -0.740511 0.0120723 100.933 0.739639 0.6718 0.040241 55.9243 -0.0379091 -0.0181102 0.999117 -1.55057
0.671413 -0.741035 0.0084259 101.28 0.74026 0.671159 0.039507 56.3351 -0.0349312 -0.0202882 0.999184 -1.57456
0.673334 -0.739269 0.0101182 101.665 0.738628 0.673224 0.034605 56.7415 -0.0323942 -0.0158272 0.99935 -1.59546
0.67652 -0.736365 0.00938007 102.065 0.735952 0.676487 0.0271833 57.171 -0.0263623 -0.0114867 0.999586 -1.60795
0.679432 -0.733714 0.00600514 102.467 0.73341 0.67935 0.0243341 57.6127 -0.0219339 -0.0121291 0.999686 -1.60668
0.683315 -0.730119 0.00266883 102.859 0.729785 0.683105 0.0279625 58.0524 -0.022239 -0.0171595 0.999605 -1.61444
0.687302 -0.726372 0.000400493 103.28 0.725925 0.686898 0.0346899 58.4885 -0.0254729 -0.0235517 0.999398 -1.65074
0.690631 -0.723195 0.00426829 103.719 0.722575 0.690262 0.0377288 58.9392 -0.0302315 -0.0229725 0.999279 -1.66985
0.693102 -0.720781 0.00923473 104.148 0.720005 0.692858 0.0392416 59.4213 -0.0346829 -0.0205493 0.999187 -1.71421
0.695574 -0.718333 0.0131905 104.614 0.717393 0.695428 0.0415599 59.8554 -0.0390269 -0.0194452 0.999049 -1.75471
0.697785 -0.716072 0.0183527 105.062 0.715141 0.697881 0.0391754 60.3058 -0.0408604 -0.0142112 0.999064 -1.75324
0.697865 -0.715986 0.0186765 105.551 0.715274 0.698043 0.0334561 60.7706 -0.0369911 -0.00998901 0.999266 -1.78519
0.697719 -0.716166 0.0171373 106.01 0.715693 0.6979 0.0268375 61.2668 -0.0311802 -0.00645999 0.999493 -1.78868
0.697459 -0.716462 0.0152914 106.476 0.71615 0.697615 0.0214993 61.7599 -0.026071 -0.00404393 0.999652 -1.79142
0.696033 -0.717973 0.00730856 106.949 0.717701 0.695996 0.0222543 62.2931 -0.0210647 -0.0102444 0.999726 -1.80127
0.694109 -0.719859 0.00391754 107.463 0.71946 0.693888 0.0299461 62.847 -0.0242753 -0.0179674 0.999544 -1.84327
0.69233 -0.721489 0.011515 107.987 0.720902 0.692283 0.0323221 63.3427 -0.0312917 -0.0140764 0.999411 -1.86112
0.690494 -0.723179 0.0151556 108.49 0.722382 0.690507 0.0369297 63.8704 -0.0371719 -0.0145516 0.999203 -1.89627
0.689024 -0.724605 0.0139034 108.98 0.723772 0.688969 0.0384254 64.4001 -0.0374223 -0.0164131 0.999165 -1.88543
0.687729 -0.7259 0.0098556 109.51 0.725221 0.687574 0.0359989 64.9924 -0.032908 -0.01761 0.999303 -1.90742
0.684977 -0.728555 0.00374055 110.035 0.728047 0.684675 0.0341665 65.564 -0.0274532 -0.02068 0.999409 -1.91932
0.682405 -0.730969 0.00300014 110.577 0.730544 0.682138 0.0315277 66.1899 -0.0250923 -0.0193229 0.999498 -1.95112
0.67903 -0.734103 0.00320483 111.147 0.733667 0.678766 0.0317671 66.7998 -0.0254956 -0.0192195 0.99949 -1.97546
0.675897 -0.736973 0.00587869 111.71 0.736503 0.675715 0.0311835 67.4106 -0.0269537 -0.0167472 0.999496 -1.98955
0.674836 -0.737927 0.00774953 112.241 0.737371 0.674676 0.0331297 68.0005 -0.0296757 -0.0166429 0.999421 -2.01966
0.673881 -0.738793 0.00833807 112.76 0.738141 0.673692 0.0358659 68.5706 -0.0321148 -0.0180147 0.999322 -2.06173
0.673368 -0.73923 0.010716 113.326 0.73856 0.673268 0.0352025 69.1551 -0.0332375 -0.0157898 0.999323 -2.06705
0.673059 -0.739442 0.0147542 113.875 0.738766 0.673117 0.0337468 69.7752 -0.0348851 -0.0118137 0.999322 -2.10078
0.673503 -0.739006 0.0162245 114.415 0.73841 0.67364 0.0309873 70.3978 -0.0338293 -0.00888974 0.999388 -2.10366
0.674091 -0.738603 0.00817234 114.971 0.737996 0.673919 0.0345732 70.9979 -0.0310434 -0.0172743 0.999369 -2.11978
0.674496 -0.73827 0.00337171 115.515 0.737694 0.674137 0.0366933 71.6303 -0.0293626 -0.0222622 0.999321 -2.13607
0.676349 -0.736577 -0.00239465 116.099 0.73599 0.675673 0.0422414 72.2712 -0.029496 -0.0303323 0.999105 -2.17325
0.678865 -0.734256 -0.00318702 116.683 0.733595 0.678057 0.0455774 72.9341 -0.0313045 -0.0332789 0.998956 -2.19413
0.680857 -0.732399 -0.00508175 117.274 0.731774 0.679953 0.0465976 73.5953 -0.0306726 -0.035445 0.998901 -2.22121
0.681687 -0.731635 -0.0037219 117.875 0.731056 0.680926 0.0435487 74.207 -0.0293274 -0.0324075 0.999044 -2.23505
0.683295 -0.730142 -0.000600896 118.482 0.729562 0.682719 0.0404165 74.8687 -0.0290996 -0.0280548 0.999183 -2.25544
0.683599 -0.729852 0.00275636 119.08 0.729309 0.683227 0.0361981 75.518 -0.0283025 -0.0227348 0.999341 -2.27621
0.68447 -0.72903 0.00401887 119.689 0.728497 0.684161 0.0348598 76.1839 -0.0281634 -0.0209328 0.999384 -2.27071
0.685588 -0.727981 0.00347763 120.296 0.727364 0.685189 0.038174 76.8104 -0.0301728 -0.0236421 0.999265 -2.29906
0.686399 -0.727209 0.00481206 120.909 0.72641 0.685928 0.042791 77.4414 -0.0344187 -0.0258762 0.999072 -2.34833
0.687006 -0.726622 0.0065905 121.48 0.725577 0.686454 0.048165 78.1112 -0.0395219 -0.0283078 0.998818 -2.36856
0.688162 -0.725549 0.00343782 122.046 0.724762 0.687621 0.0435597 78.6788 -0.0339686 -0.0274845 0.999045 -2.37558
0.689017 -0.724742 -0.00220333 122.601 0.724427 0.688622 0.031705 79.286 -0.0214607 -0.0234415 0.999495 -2.40188
0.688788 -0.724953 -0.00378125 123.182 0.724825 0.688547 0.0230484 79.9111 -0.0141054 -0.0186162 0.999727 -2.38498
0.687859 -0.725843 0.00138478 123.772 0.725526 0.687613 0.0282815 80.5293 -0.0214801 -0.018449 0.999599 -2.38432
0.68664 -0.726865 0.0138919 124.383 0.725969 0.686559 0.040061 81.1938 -0.0386566 -0.0174224 0.999101 -2.44009
0.686114 -0.727056 0.0252414 124.967 0.7256 0.686418 0.0483176 81.8069 -0.0524557 -0.0148362 0.998513 -2.49177
0.685287 -0.727952 0.0216096 125.545 0.726733 0.685466 0.0446841 82.4153 -0.0473405 -0.014917 0.998767 -2.51701
0.684925 -0.72855 0.00968181 126.064 0.727769 0.68471 0.0390468 83.0247 -0.0350768 -0.019698 0.99919 -2.50014
0.684179 -0.729304 0.00367364 126.643 0.728812 0.683887 0.0336547 83.6273 -0.0270569 -0.0203485 0.999427 -2.54699
0.682783 -0.730614 0.0032434 127.208 0.730169 0.68251 0.0321585 84.2421 -0.0257091 -0.019589 0.999478 -2.55509
0.680209 -0.732996 0.00577984 127.794 0.732479 0.679989 0.0330055 84.8571 -0.0281231 -0.018217 0.999438 -2.5598
0.677227 -0.73576 0.00458602 128.335 0.735276 0.676985 0.0325804 85.4515 -0.027076 -0.0186924 0.999459 -2.57228
0.674165 -0.738573 0.00337857 128.875 0.738123 0.673902 0.032106 86.0545 -0.0259894 -0.019151 0.999479 -2.57892
0.670913 -0.741536 -0.000528201 129.429 0.741112 0.670505 0.0343021 86.6849 -0.0250821 -0.0234052 0.999411 -2.58649
0.669403 -0.742885 -0.00463296 129.947 0.742476 0.668797 0.0379346 87.2948 -0.0250826 -0.0288334 0.999269 -2.60229
0.668188 -0.743985 -0.00344441 130.506 0.743502 0.667572 0.0393901 87.9523 -0.0270063 -0.0288809 0.999218 -2.59895
0.667381 -0.744715 -0.000959193 131.077 0.744104 0.66678 0.04139 88.5908 -0.0301842 -0.0283366 0.999143 -2.63768
0.665675 -0.746241 -0.000977554 131.615 0.745619 0.665066 0.041724 89.1736 -0.030486 -0.0285035 0.999129 -2.68225
0.664186 -0.747566 -0.00152654 132.16 0.747045 0.663644 0.0387316 89.7997 -0.0279414 -0.0268654 0.999249 -2.66365
0.660872 -0.750498 0.000516829 132.702 0.750086 0.660532 0.0326899 90.4096 -0.0248751 -0.0212162 0.999465 -2.67618
0.65597 -0.754786 0.00131534 133.224 0.754398 0.655687 0.030953 91.0089 -0.0242253 -0.0193119 0.99952 -2.69281
0.651292 -0.758821 0.00291488 133.737 0.758315 0.650989 0.034221 91.6227 -0.0278652 -0.0200775 0.99941 -2.71035
0.646234 -0.763094 0.00836547 134.263 0.762309 0.646003 0.0395498 92.2461 -0.0355843 -0.0191813 0.999183 -2.75875
0.642605 -0.766104 0.0120018 134.777 0.764985 0.64239 0.0461786 92.8581 -0.0430874 -0.0204934 0.998861 -2.79485
0.639941 -0.768358 0.0100909 135.295 0.767083 0.639545 0.0506653 93.5048 -0.0453827 -0.0246822 0.998665 -2.82794
0.63632 -0.77136 0.0100467 135.83 0.770138 0.635956 0.049462 94.1403 -0.0445422 -0.0237363 0.998725 -2.81927
0.631283 -0.775528 0.00621334 136.312 0.774725 0.63096 0.0411187 94.7591 -0.0358091 -0.0211439 0.999135 -2.81537
0.626102 -0.779732 0.00369956 136.823 0.779156 0.62581 0.0357474 95.3542 -0.0301886 -0.019499 0.999354 -2.83762
0.620773 -0.783987 0.00212857 137.334 0.783422 0.620424 0.0363941 96.0207 -0.0298532 -0.0209249 0.999335 -2.86731
0.614518 -0.788901 -0.00154564 137.84 0.788259 0.613936 0.0415882 96.7067 -0.03186 -0.026775 0.999134 -2.89604
0.608353 -0.793652 -0.004897 138.319 0.793018 0.607594 0.0441782 97.3616 -0.0320867 -0.0307594 0.999012 -2.90254
0.601121 -0.799091 -0.0103212 138.796 0.79869 0.600276 0.0419908 98.0493 -0.0273589 -0.033485 0.999065 -2.91123
0.593942 -0.804427 -0.0113656 139.303 0.80415 0.593197 0.0382175 98.7516 -0.0240012 -0.0318387 0.999205 -2.938
0.587385 -0.809229 -0.0112822 139.799 0.808915 0.586608 0.0393395 99.4071 -0.0252164 -0.0322338 0.999162 -2.95625
0.581668 -0.813377 -0.00892383 140.273 0.812799 0.580754 0.0456262 100.117 -0.0319287 -0.0337926 0.998919 -2.99576
0.574868 -0.818208 -0.0079524 140.738 0.817353 0.57376 0.0522828 100.81 -0.0382154 -0.0365556 0.998601 -3.02023
0.568356 -0.822747 -0.00761664 141.218 0.821801 0.567201 0.054099 101.495 -0.0401897 -0.0370069 0.998507 -3.03429
0.562936 -0.826478 -0.00606943 141.69 0.825414 0.561805 0.055378 102.207 -0.0423588 -0.036184 0.998447 -3.06139
0.559482 -0.828823 -0.00569589 142.144 0.827781 0.558405 0.0544321 102.853 -0.0419339 -0.0351687 0.998501 -3.0731
0.55515 -0.831675 -0.0111847 142.618 0.830892 0.553917 0.0528587 103.553 -0.0377658 -0.0386378 0.998539 -3.08559
0.552356 -0.833396 -0.0188332 143.036 0.833023 0.55098 0.0499285 104.256 -0.0312334 -0.0432668 0.998575 -3.11423
0.549366 -0.835303 -0.0215861 143.492 0.835112 0.548008 0.0477016 104.948 -0.0280159 -0.0442325 0.998628 -3.14789
0.547153 -0.836767 -0.0210814 143.95 0.836394 0.545579 0.0528146 105.677 -0.0326919 -0.04653 0.998382 -3.16718
0.545247 -0.838086 -0.0178058 144.382 0.837231 0.543386 0.0614526 106.391 -0.0418271 -0.0484144 0.997951 -3.21117
0.542135 -0.840159 -0.0149147 144.849 0.838896 0.540126 0.0672089 107.093 -0.0484104 -0.0489482 0.997627 -3.24929
0.538092 -0.842801 -0.0119963 145.273 0.841524 0.536359 0.0644645 107.762 -0.0478964 -0.044783 0.997848 -3.2595
0.534004 -0.845455 -0.00674847 145.707 0.844478 0.532965 0.0529685 108.447 -0.0411858 -0.0339844 0.998573 -3.26585
0.528268 -0.849067 -0.00427972 146.11 0.848349 0.527599 0.0440884 109.132 -0.0351761 -0.0269212 0.999018 -3.30222
0.522258 -0.852648 -0.01541 146.549 0.852072 0.520994 0.0503832 109.86 -0.0349307 -0.0394434 0.998611 -3.32463
0.515902 -0.856528 -0.0142965 146.994 0.855676 0.514451 0.0562098 110.563 -0.0407905 -0.041232 0.998317 -3.35642
0.509502 -0.86041 -0.0101849 147.418 0.859281 0.50814 0.0585691 111.267 -0.0452181 -0.0385927 0.998231 -3.37711
0.503884 -0.863768 -0.00264248 147.829 0.862415 0.502919 0.0575612 111.956 -0.0483905 -0.0312831 0.998338 -3.4452
0.499237 -0.866444 0.00610294 148.244 0.86512 0.498841 0.0522051 112.679 -0.0482772 -0.020783 0.998618 -3.4517
0.493153 -0.869882 0.0102182 148.683 0.868816 0.493078 0.0450775 113.415 -0.0442505 -0.0133524 0.998931 -3.4274
0.487852 -0.872808 0.014387 149.091 0.872246 0.488056 0.0314468 114.139 -0.0344687 -0.00279236 0.999402 -3.45775
0.482028 -0.876015 0.0156781 149.52 0.875684 0.482279 0.0241682 114.899 -0.0287329 0.00207931 0.999585 -3.51082
0.475444 -0.879672 0.0113927 149.934 0.879084 0.475549 0.032626 115.674 -0.034118 -0.00549664 0.999403 -3.53641
0.47076 -0.882181 0.0119118 150.354 0.881044 0.470777 0.0461534 116.447 -0.0463234 -0.0112323 0.998863 -3.59389
0.467147 -0.884113 0.0108219 150.736 0.882544 0.466992 0.0550907 117.208 -0.0537602 -0.0161847 0.998423 -3.63791
0.464456 -0.885522 0.0114407 151.128 0.883939 0.464339 0.0551443 117.962 -0.0541439 -0.0154993 0.998413 -3.64215
0.462049 -0.886792 0.0105212 151.513 0.885725 0.462026 0.0449745 118.763 -0.0447442 -0.0114615 0.998933 -3.6311
0.459751 -0.888045 -0.00239389 151.878 0.887359 0.459286 0.0406332 119.491 -0.0349846 -0.0208054 0.999171 -3.65514
0.457681 -0.889093 -0.0065001 152.221 0.888587 0.457143 0.0378669 120.238 -0.0306957 -0.0231069 0.999262 -3.72019
0.455773 -0.890096 -2.04891e-06 152.588 0.889427 0.455431 0.038763 120.99 -0.0345019 -0.017669 0.999248 -3.75191
0.455494 -0.890224 0.00518666 153.005 0.889216 0.455242 0.0452868 121.725 -0.0426766 -0.0160158 0.998961 -3.80537
0.455467 -0.890235 0.00569545 153.387 0.888913 0.455123 0.0519321 122.489 -0.0488239 -0.0185906 0.998634 -3.8378
0.453114 -0.891434 0.00576028 153.755 0.890105 0.452775 0.0520446 123.295 -0.0490025 -0.0184549 0.998628 -3.84922
0.451954 -0.892038 0.00254729 154.132 0.891099 0.451606 0.0446676 124.043 -0.0409956 -0.0179178 0.998999 -3.8646
0.450252 -0.892896 0.00319942 154.524 0.892361 0.450102 0.0331617 124.764 -0.03105 -0.0120761 0.999445 -3.87095
0.44853 -0.893673 0.0130305 154.916 0.893421 0.448714 0.0213207 125.56 -0.0249007 0.00207871 0.999688 -3.91211
0.447725 -0.894089 0.0121226 155.289 0.893701 0.447888 0.0263605 126.311 -0.0289983 -0.00096828 0.999579 -3.93691
0.446126 -0.89489 0.0120152 155.644 0.894131 0.446249 0.0373133 127.07 -0.0387531 -0.00590327 0.999231 -3.97232
0.444918 -0.895513 0.0101844 156.041 0.89446 0.444904 0.0447492 127.871 -0.0446046 -0.0108002 0.998946 -3.98816
0.444114 -0.895871 0.0133395 156.406 0.895016 0.444279 0.039528 128.651 -0.0413385 -0.00561587 0.999129 -3.99046
0.444468 -0.895741 0.00982533 156.78 0.895088 0.444526 0.0348375 129.384 -0.035573 -0.0066896 0.999345 -4.00888
0.44401 -0.896004 0.00566747 157.129 0.89536 0.443916 0.0356256 130.148 -0.0344365 -0.0107437 0.999349 -4.05513
0.443236 -0.896402 0.00221744 157.532 0.89566 0.442967 0.0396641 130.964 -0.0365372 -0.0155945 0.999211 -4.07472
0.442796 -0.896621 0.00169211 157.906 0.895732 0.442439 0.0437304 131.738 -0.0399582 -0.0178479 0.999042 -4.07416
0.44256 -0.896738 0.000899114 158.254 0.895708 0.442099 0.0474959 132.472 -0.0429889 -0.0202145 0.998871 -4.10996
0.442067 -0.896982 -0.000928368 158.61 0.895945 0.441505 0.0485371 133.185 -0.043127 -0.0222884 0.998821 -4.13713
0.441515 -0.897254 6.64778e-05 158.97 0.896379 0.441087 0.0441167 133.964 -0.0396132 -0.0194186 0.999026 -4.14148
0.440641 -0.897656 -0.00694841 159.307 0.897006 0.439995 0.0422564 134.686 -0.0348745 -0.0248527 0.999083 -4.1682
0.43861 -0.898627 -0.00954498 159.684 0.898019 0.437858 0.0429111 135.405 -0.0343818 -0.0273928 0.999033 -4.21013
0.43705 -0.899419 -0.00564513 160.021 0.898414 0.436245 0.0504113 136.146 -0.0428782 -0.0271039 0.998713 -4.24428
0.435729 -0.900077 -0.00122892 160.366 0.898626 0.434949 0.0573623 136.865 -0.0510959 -0.0260988 0.998353 -4.32015
0.434942 -0.900418 0.00858493 160.753 0.898851 0.434715 0.0555901 137.595 -0.0537863 -0.0164619 0.998417 -4.3172
0.434781 -0.900524 0.00462457 161.04 0.899203 0.434411 0.0521696 138.257 -0.0489889 -0.0185239 0.998628 -4.28372
0.435082 -0.900384 0.0034172 161.345 0.899322 0.434748 0.0470612 138.902 -0.0438588 -0.0174023 0.998886 -4.31236
0.436222 -0.899839 0.000970731 161.68 0.899029 0.435875 0.0419573 139.584 -0.0381779 -0.01743 0.999119 -4.32969
0.437136 -0.899392 0.00254933 161.979 0.898735 0.436922 0.0370635 140.211 -0.0344485 -0.0139107 0.99931 -4.34858
0.439156 -0.898403 0.00384424 162.28 0.897904 0.439048 0.031709 140.819 -0.0301752 -0.0104734 0.99949 -4.35986
0.44358 -0.896234 0.00149836 162.532 0.89576 0.443399 0.0317928 141.397 -0.0291581 -0.0127605 0.999493 -4.37052
